0.86
0.0495
0.035
1.064
0.6326
0.6257
8.3541
5.6137
3.1214
====================================================================================================
160.7890625
160.7890625
160.7890625
815.7265625
815.7265625
815.7265625
6520.609375
6536.828125
6505.40625
====================================================================================================
0.4078
0.5835
0.4974
1.5439
52.7526
37.198
8.1865
2350.3652
2378.0491
====================================================================================================
161.59375
171.125
161.59375
1470.1015625
1789.7890625
1789.7890625
3712.0234375
15700.328125
4089.6171875
====================================================================================================
