0.0197
0.0179
0.0149
0.2612
0.2753
0.6602
3.2289
3.2047
4.168
====================================================================================================
161.0390625
161.0390625
161.0390625
816.7421875
816.7421875
816.7421875
6474.875
6538.703125
6504.6015625
====================================================================================================
0.0481
0.1654
0.1601
0.6929
38.8165
38.1889
6.6471
2415.2138
2496.2547
====================================================================================================
161.921875
161.921875
161.921875
1473.0546875
1793.3984375
1793.3984375
3857.7265625
15705.90625
4089.6171875
====================================================================================================
