0.0234
0.0218
0.0186
0.3271
0.3236
0.8261
3.2345
3.7638
4.1442
====================================================================================================
160.71875
160.71875
160.71875
815.4765625
815.4765625
815.4765625
6462.6328125
6558.3671875
6504.734375
====================================================================================================
0.0556
0.1607
0.1694
0.7393
37.0538
37.3603
6.5898
2428.1689
2396.9961
====================================================================================================
161.6171875
161.6171875
161.6171875
1470.0703125
1789.8046875
1789.8046875
3856.0234375
3418.0546875
3512.078125
====================================================================================================
