0.02
0.0172
0.0149
0.2623
0.2586
0.6323
3.0583
3.2196
3.9434
====================================================================================================
160.6796875
160.6796875
160.6796875
815.53125
815.53125
815.53125
6466.2578125
6558.0234375
6504.484375
====================================================================================================
0.0456
0.1625
0.1619
0.7145
36.8418
36.621
6.186
2373.5053
2385.2872
====================================================================================================
161.7890625
161.7890625
161.7890625
1470.40625
1790.0
1790.0
3857.7265625
15856.9375
4089.6171875
====================================================================================================
