0.0216
0.0149
0.0156
0.2606
0.2582
0.2606
3.353
2.9881
2.7155
====================================================================================================
160.8046875
160.8046875
160.8046875
815.796875
815.796875
815.796875
6520.96875
6536.8203125
6505.671875
====================================================================================================
0.049
0.1581
0.1871
0.6923
37.1703
37.2667
6.1583
2361.7408
2392.2738
====================================================================================================
161.96875
161.96875
161.96875
1473.234375
1793.671875
1793.671875
3857.7265625
15705.7421875
4089.6171875
====================================================================================================
