3956
6472
4897
6272
170
4182
2073
3235
3620
4153
9343
9221
3643
4768
5327
2655
657
3842
5583
6565
556
5982
5572
8343
7399
9017
4279
5365
3179
9908
4131
4518
8843
3183
8833
7404
3046
7672
625
9912
5132
5154
6418
4452
8496
4738
7149
2441
9191
618
8612
4760
7797
4212
6271
5584
5647
4384
475
7406
7616
3333
9851
6865
9988
3375
1866
3465
4182
3834
4811
4054
4664
2682
9513
5852
1126
7909
6636
9742
2363
5293
833
6316
706
4216
9725
4142
9191
896
5049
6071
9302
2687
2814
8168
7136
1435
403
6
9114
5148
5382
970
9870
9182
4622
3579
8672
1994
4536
3892
6071
5545
2953
4187
8794
3360
5241
5450
708
498
9964
5978
1633
1686
2898
9350
1478
3406
9859
9099
6680
7458
6001
8538
396
2514
542
1395
9393
1095
421
3413
5801
2468
3104
3713
3162
9369
2761
2747
9131
3828
7617
5600
5983
7034
4950
8878
4485
2883
7996
8189
6218
9889
4609
4079
8119
8877
7389
7970
6346
7211
1416
8056
7756
4811
4852
1543
3220
1732
7637
3412
3050
9277
6727
5170
7354
1487
104
3765
8430
840
7885
1049
4849
7065
7062
9946
4885
5426
2522
4837
8536
5033
9459
547
2255
661
3226
1337
1106
6041
2234
3413
1590
1386
522
3605
8649
2797
3840
7334
228
8979
7618
9393
5268
4921
5349
3534
6279
9731
5468
810
2091
9992
1843
4259
3480
3886
5312
8781
9032
1893
4886
2306
6320
1601
6014
5199
9046
9883
8223
929
7308
5439
1692
902
9588
6985
5233
9554
1363
3529
8241
6327
8392
7184
1764
9086
5682
1726
4392
6221
9571
4825
5676
6467
1208
9359
4243
4321
8842
4920
5332
2276
9091
5845
4510
4970
1798
2345
3759
5123
7129
5411
3125
8813
4535
7407
9022
7731
4678
2670
2074
4145
2447
9650
7400
5721
1635
4630
1029
5244
4980
3081
9730
7332
4868
2584
2469
6169
4270
3561
1932
5388
3994
7055
779
4061
5645
5400
9250
3957
6107
4644
4366
4335
7530
7805
4984
7651
7699
7888
9293
7789
449
839
2549
1094
8968
5161
5662
6248
1442
4782
2810
3162
4530
8676
6853
6491
8871
5865
7778
2547
9529
6552
9259
8452
4824
2228
5722
1160
6045
7249
4023
3688
2106
291
9545
4999
2637
7673
1657
5033
5387
9986
8094
9084
3931
4579
819
7241
6819
364
74
6445
8506
9361
8017
1562
6643
3676
6089
3785
9059
6394
6460
5132
7863
8058
8080
8296
6506
9694
4637
8415
2488
3660
1834
2004
7768
4045
6823
7706
6464
9190
5119
550
6251
5441
2541
2965
2831
9370
7661
1746
4324
4150
9406
3676
2185
9694
7082
4790
5823
2864
5117
2367
6835
6267
8019
2842
11
8042
9283
201
5186
7391
2667
6843
1597
6975
4044
4452
2443
5177
4869
9370
9525
4976
9982
4367
839
7657
418
8078
6550
1779
5036
5570
4082
9375
9453
1293
994
3371
5306
2738
2151
3674
1212
896
1561
3779
7178
2555
7063
3801
4453
5216
3580
9097
2764
2864
9370
1760
3032
805
