270
307
368
452
457
657
667
741
920
1228
1304
1319
1358
1633
1756
1793
1889
1915
1927
1950
2152
2253
2504
2632
2823
2859
2949
3362
3449
3507
3688
3781
3822
3937
4002
4080
4254
4459
4535
4773
4912
5101
5134
5518
5635
5791
5946
5970
5972
6072
6328
6381
6654
6991
7344
7358
7457
7477
7514
7793
7992
8601
8685
8705
8716
8796
8990
9184
9463
9709
9726
9842
10081
10275
10326
10732
10746
10860
10901
10912
11098
11099
11146
11176
11211
11304
11425
11447
11468
11574
11741
11815
11880
12167
12263
12280
12377
12614
12705
13012
13171
13523
13532
13980
14020
14184
14187
14218
14262
14296
14341
14375
14446
14956
15207
15322
15415
15430
15465
15865
16095
16179
16324
16419
16487
16487
16664
16950
16985
17104
17212
17299
17606
17817
17993
18078
18331
18441
18473
18551
18768
19004
19324
19496
19705
19755
20051
20207
20220
20270
20469
20586
20711
20752
21045
21320
21339
21349
21517
21563
21618
21697
21718
21951
22066
22207
22308
22687
22881
23014
23058
23267
23282
23381
23433
23667
23718
23776
24061
24280
24419
24455
24524
24771
24824
24920
25093
25162
25253
25415
25507
25585
25615
25702
25789
26031
26267
26797
27072
27287
27318
27341
27422
27591
27728
28032
28366
28542
28771
28847
28936
29070
29093
29204
29217
29456
29475
29568
29574
30120
30213
30266
30374
30545
30608
30747
30839
30866
31141
31177
31217
31283
31413
31477
31542
31614
31617
31874
31918
31970
31982
31997
32480
32516
32541
32738
32858
32908
33079
33401
33653
33829
33866
34057
34079
34110
34276
34635
34920
35008
35097
35347
35393
35449
35532
35841
35881
36230
36256
36276
36292
36359
36546
36786
36889
37028
37163
37213
37220
37264
37324
37350
37410
37441
37455
37616
38038
38046
38135
38195
38285
38435
38502
38701
38706
38726
38811
38842
38918
38938
38992
39091
39294
39344
39370
39382
39398
39532
39571
39671
40093
40256
40518
40671
40932
40936
41124
41185
41259
41301
41529
41614
41655
41839
41908
41927
41937
41970
42080
42191
42218
42473
42535
42606
42614
42648
42773
42996
43070
43242
43371
43607
43762
43783
43783
43821
43957
44007
44143
44432
44601
44857
44886
45014
45212
45318
45368
45376
45539
45561
45893
45916
46166
46391
46444
46565
46588
46592
46764
46804
46843
46890
47125
47184
47376
47550
47691
47799
47866
48090
48406
48431
48583
48605
48680
48705
48863
48912
48983
48994
49185
49360
49632
49644
49724
49815
50082
50133
50348
50465
50504
50563
50831
50997
51011
51510
51933
52121
52443
52469
52754
52775
52818
52967
53005
53146
53772
53835
53887
54045
54116
54157
54365
54403
54550
54823
55043
55070
55130
55282
55329
55397
55417
55824
55863
55875
55898
55986
56116
56354
56466
56690
56957
56977
57076
57183
57259
57270
57377
57559
57819
58295
58322
58459
58667
58680
58714
58798
58818
58944
58957
59031
59140
59143
59245
59581
59904
60165
60188
60356
60384
60433
60435
60711
61169
61301
61332
61446
61573
61593
61628
61637
61638
61855
62055
62069
62197
62348
62418
62718
62739
62828
62843
62849
63001
63141
63400
63515
63612
63642
63783
63962
64029
64274
64470
64742
64914
64954
64973
65069
65219
65489
