9992
9988
9986
9982
9964
9946
9912
9908
9889
9883
9870
9859
9851
9742
9731
9730
9725
9694
9694
9650
9588
9571
9554
9545
9529
9525
9513
9459
9453
9406
9393
9393
9375
9370
9370
9370
9369
9361
9359
9350
9343
9302
9293
9283
9277
9259
9250
9221
9191
9191
9190
9182
9131
9114
9099
9097
9091
9086
9084
9059
9046
9032
9022
9017
8979
8968
8878
8877
8871
8843
8842
8833
8813
8794
8781
8676
8672
8649
8612
8538
8536
8506
8496
8452
8430
8415
8392
8343
8296
8241
8223
8189
8168
8119
8094
8080
8078
8058
8056
8042
8019
8017
7996
7970
7909
7888
7885
7863
7805
7797
7789
7778
7768
7756
7731
7706
7699
7673
7672
7661
7657
7651
7637
7618
7617
7616
7530
7458
7407
7406
7404
7400
7399
7391
7389
7354
7334
7332
7308
7249
7241
7211
7184
7178
7149
7136
7129
7082
7065
7063
7062
7055
7034
6985
6975
6865
6853
6843
6835
6823
6819
6727
6680
6643
6636
6565
6552
6550
6506
6491
6472
6467
6464
6460
6445
6418
6394
6346
6327
6320
6316
6279
6272
6271
6267
6251
6248
6221
6218
6169
6107
6089
6071
6071
6045
6041
6014
6001
5983
5982
5978
5865
5852
5845
5823
5801
5722
5721
5682
5676
5662
5647
5645
5600
5584
5583
5572
5570
5545
5468
5450
5441
5439
5426
5411
5400
5388
5387
5382
5365
5349
5332
5327
5312
5306
5293
5268
5244
5241
5233
5216
5199
5186
5177
5170
5161
5154
5148
5132
5132
5123
5119
5117
5049
5036
5033
5033
4999
4984
4980
4976
4970
4950
4921
4920
4897
4886
4885
4869
4868
4852
4849
4837
4825
4824
4811
4811
4790
4782
4768
4760
4738
4678
4664
4644
4637
4630
4622
4609
4579
4536
4535
4530
4518
4510
4485
4453
4452
4452
4392
4384
4367
4366
4335
4324
4321
4279
4270
4259
4243
4216
4212
4187
4182
4182
4153
4150
4145
4142
4131
4082
4079
4061
4054
4045
4044
4023
3994
3957
3956
3931
3892
3886
3842
3840
3834
3828
3801
3785
3779
3765
3759
3713
3688
3676
3676
3674
3660
3643
3620
3605
3580
3579
3561
3534
3529
3480
3465
3413
3413
3412
3406
3375
3371
3360
3333
3235
3226
3220
3183
3179
3162
3162
3125
3104
3081
3050
3046
3032
2965
2953
2898
2883
2864
2864
2842
2831
2814
2810
2797
2764
2761
2747
2738
2687
2682
2670
2667
2655
2637
2584
2555
2549
2547
2541
2522
2514
2488
2469
2468
2447
2443
2441
2367
2363
2345
2306
2276
2255
2234
2228
2185
2151
2106
2091
2074
2073
2004
1994
1932
1893
1866
1843
1834
1798
1779
1764
1760
1746
1732
1726
1692
1686
1657
1635
1633
1601
1597
1590
1562
1561
1543
1487
1478
1442
1435
1416
1395
1386
1363
1337
1293
1212
1208
1160
1126
1106
1095
1094
1049
1029
994
970
929
902
896
896
840
839
839
833
819
810
805
779
708
706
661
657
625
618
556
550
547
542
522
498
475
449
421
418
403
396
364
291
228
201
170
104
74
11
6
