0
0
1
1
2
3
4
4
5
8
8
10
10
11
12
12
12
12
15
16
17
20
21
21
23
23
23
24
24
25
30
31
32
34
36
36
36
37
37
39
39
42
43
46
46
47
47
48
48
49
49
52
54
55
55
55
55
56
57
58
58
60
62
63
64
64
65
65
70
70
72
74
74
74
80
81
81
83
83
83
83
84
84
85
88
89
89
91
92
92
94
94
94
98
100
101
102
103
103
103
104
105
108
108
109
111
111
113
113
114
115
116
116
120
121
121
123
125
126
127
127
127
128
130
130
133
136
136
136
139
141
141
142
143
143
144
147
148
149
150
152
153
154
155
155
159
160
161
162
165
166
171
171
171
172
172
174
174
181
184
188
188
190
192
195
196
197
199
201
201
206
207
207
208
208
209
210
216
217
217
218
219
224
224
224
226
228
229
231
235
236
237
237
238
238
238
240
241
242
242
244
245
246
246
248
248
249
249
249
249
250
252
253
255
255
255
256
258
258
259
262
264
264
267
269
273
274
274
274
277
278
279
281
284
284
288
289
291
291
293
294
298
298
298
299
299
301
302
303
303
304
304
308
309
309
309
310
310
312
315
316
318
318
319
320
321
322
322
322
324
325
327
327
328
329
329
331
332
332
332
333
334
334
335
335
336
337
337
337
338
338
339
342
343
344
347
348
349
349
349
350
350
350
351
352
354
355
355
356
357
358
358
358
358
358
360
360
361
363
364
366
366
367
369
371
376
376
377
382
384
385
386
386
387
387
388
389
392
395
397
397
400
402
406
407
407
408
409
410
411
413
415
415
418
419
423
425
426
426
429
429
429
431
432
432
434
434
434
436
439
439
441
441
448
450
453
453
453
455
458
460
460
461
462
462
462
465
465
466
467
470
471
472
472
475
476
478
478
478
479
481
482
482
484
490
493
494
496
496
497
497
497
498
498
501
502
502
503
505
505
507
507
508
508
510
513
514
514
517
518
518
519
519
520
521
521
525
525
526
526
527
527
527
529
531
531
535
535
537
538
538
539
539
539
540
541
542
544
545
547
547
549
550
550
551
551
552
552
553
553
554
556
557
557
557
559
559
560
562
564
565
568
572
572
573
575
575
577
578
579
586
586
586
586
587
587
588
588
588
589
590
591
591
594
594
595
596
596
598
600
600
602
604
605
605
606
606
606
607
614
615
615
616
616
617
617
618
621
622
623
626
626
626
631
631
632
633
634
635
635
636
636
638
640
642
643
644
644
644
646
646
653
654
660
661
661
661
663
663
667
668
672
672
676
677
677
679
679
679
680
682
682
685
686
686
686
687
689
691
692
692
694
694
694
695
697
698
700
700
701
701
701
710
710
712
717
720
721
722
724
724
725
727
729
729
730
733
733
734
734
734
735
736
737
739
745
746
748
751
751
753
756
757
757
757
759
759
761
763
764
765
765
766
766
769
771
771
775
775
776
776
777
778
780
783
784
787
790
791
792
795
796
797
799
799
800
801
803
804
806
808
810
810
811
813
814
814
816
818
819
819
820
821
824
829
831
831
836
837
838
840
841
841
842
842
845
846
847
848
848
849
850
853
853
853
853
854
854
854
854
854
855
855
856
860
860
861
862
865
866
866
867
872
873
875
876
877
878
878
880
881
882
884
884
886
886
887
890
890
891
892
892
893
894
895
895
896
899
899
900
900
901
901
903
904
907
908
908
909
912
914
914
916
916
917
917
918
919
920
920
920
921
922
923
923
924
924
924
925
927
927
927
928
929
931
931
933
933
934
935
936
937
939
940
940
941
941
941
942
942
943
943
943
944
944
945
945
946
949
950
951
953
955
955
958
959
962
963
963
967
973
973
974
975
977
977
978
978
979
980
980
981
981
982
984
986
987
987
988
989
990
993
998
998
999
1000
1001
1003
1003
1004
1004
1004
1005
1008
1009
1009
1012
1013
1013
1014
1014
1016
1022
1022
1022
1025
1026
1032
1033
1034
1036
1038
1038
1039
1040
1040
1040
1040
1043
1045
1051
1052
1052
1053
1053
1057
1058
1058
1059
1060
1061
1064
1066
1067
1072
1075
1076
1080
1084
1085
1087
1087
1089
1089
1090
1091
1092
1093
1093
1094
1095
1095
1096
1097
1098
1098
1100
1102
1103
1106
1107
1109
1110
1112
1114
1115
1115
1116
1117
1118
1118
1119
1119
1121
1121
1124
1125
1125
1126
1128
1129
1129
1130
1131
1132
1134
1137
1137
1138
1138
1138
1139
1142
1146
1146
1147
1147
1147
1147
1147
1147
1148
1149
1150
1150
1151
1152
1153
1153
1153
1153
1155
1157
1161
1162
1164
1164
1165
1165
1166
1168
1168
1168
1171
1172
1173
1173
1176
1176
1176
1177
1178
1178
1179
1180
1181
1183
1187
1189
1189
1189
1190
1191
1192
1192
1192
1193
1193
1194
1195
1199
1199
1200
1202
1205
1205
1206
1207
1207
1208
1208
1208
1210
1215
1216
1216
1217
1217
1217
1217
1217
1218
1218
1219
1219
1220
1222
1222
1224
1224
1224
1229
1231
1232
1233
1236
1239
1242
1245
1248
1249
1252
1252
1252
1253
1254
1255
1257
1257
1263
1264
1266
1266
1268
1268
1269
1269
1270
1271
1272
1274
1274
1276
1276
1277
1277
1278
1280
1282
1283
1284
1290
1291
1292
1294
1295
1295
1296
1298
1298
1299
1299
1300
1301
1303
1308
1309
1311
1311
1312
1313
1315
1315
1318
1318
1319
1319
1321
1322
1323
1324
1327
1329
1329
1330
1331
1332
1332
1335
1335
1337
1342
1342
1343
1343
1344
1345
1345
1346
1346
1347
1347
1349
1350
1351
1352
1353
1354
1355
1358
1360
1361
1362
1362
1364
1365
1366
1366
1368
1368
1368
1369
1369
1370
1370
1371
1373
1374
1383
1385
1385
1387
1388
1389
1393
1397
1399
1399
1400
1400
1402
1404
1404
1407
1408
1412
1412
1414
1414
1415
1415
1416
1417
1417
1418
1419
1419
1420
1421
1422
1422
1423
1426
1426
1428
1428
1430
1431
1432
1433
1433
1434
1437
1438
1439
1444
1444
1446
1449
1450
1455
1456
1457
1462
1462
1462
1463
1464
1468
1469
1469
1470
1471
1472
1473
1474
1475
1477
1477
1479
1479
1479
1479
1480
1485
1486
1489
1489
1490
1490
1491
1493
1493
1495
1495
1496
1497
1499
1501
1504
1504
1505
1506
1510
1510
1510
1511
1513
1513
1513
1514
1514
1515
1515
1515
1516
1518
1520
1520
1523
1524
1524
1527
1529
1530
1530
1534
1536
1536
1537
1537
1537
1540
1540
1543
1543
1546
1548
1553
1554
1557
1558
1561
1561
1562
1565
1566
1566
1568
1571
1574
1574
1575
1576
1578
1578
1579
1582
1582
1584
1587
1588
1588
1588
1591
1591
1592
1592
1592
1593
1595
1600
1603
1604
1604
1608
1608
1609
1609
1613
1614
1614
1614
1615
1615
1617
1617
1618
1618
1618
1619
1620
1620
1620
1621
1623
1625
1626
1626
1626
1626
1627
1628
1629
1631
1632
1634
1637
1640
1644
1647
1653
1654
1655
1655
1658
1659
1659
1661
1661
1661
1661
1664
1665
1666
1666
1667
1669
1669
1670
1671
1673
1674
1676
1676
1677
1679
1680
1680
1682
1684
1686
1688
1688
1689
1691
1692
1692
1692
1692
1695
1695
1696
1696
1696
1696
1696
1697
1697
1699
1700
1701
1705
1708
1708
1710
1711
1711
1711
1713
1714
1714
1715
1718
1720
1720
1721
1725
1727
1729
1730
1732
1732
1732
1733
1733
1733
1735
1737
1739
1739
1742
1743
1744
1744
1745
1747
1748
1749
1750
1753
1755
1757
1757
1758
1760
1760
1760
1762
1762
1763
1764
1765
1767
1768
1768
1769
1769
1770
1771
1773
1774
1774
1774
1775
1775
1776
1777
1777
1777
1777
1779
1780
1780
1780
1782
1782
1782
1785
1785
1786
1786
1787
1788
1788
1789
1790
1792
1792
1792
1793
1794
1795
1796
1796
1796
1796
1797
1803
1806
1806
1808
1809
1809
1809
1810
1811
1812
1813
1815
1816
1816
1817
1817
1817
1821
1821
1821
1822
1825
1825
1825
1825
1826
1827
1828
1830
1833
1834
1835
1836
1836
1837
1838
1839
1841
1842
1844
1844
1844
1844
1845
1845
1845
1847
1847
1847
1849
1849
1850
1850
1852
1852
1853
1854
1854
1854
1855
1857
1857
1858
1859
1859
1860
1861
1861
1861
1862
1862
1864
1868
1868
1869
1869
1872
1873
1874
1874
1875
1876
1881
1882
1882
1884
1885
1885
1886
1889
1890
1891
1891
1895
1898
1899
1899
1899
1901
1904
1905
1907
1909
1911
1912
1913
1917
1917
1917
1917
1918
1921
1921
1922
1923
1923
1924
1925
1929
1930
1931
1933
1933
1934
1934
1935
1936
1936
1936
1937
1938
1938
1939
1940
1941
1941
1945
1947
1947
1950
1950
1951
1951
1952
1953
1957
1957
1960
1961
1961
1962
1964
1965
1966
1967
1967
1969
1969
1971
1972
1973
1973
1973
1973
1973
1973
1974
1980
1981
1981
1983
1983
1984
1984
1988
1991
1991
1994
1994
1995
2000
2000
2002
2003
2004
2005
2005
2005
2006
2010
2010
2010
2011
2014
2018
2019
2022
2023
2023
2023
2024
2028
2034
2036
2037
2038
2040
2040
2042
2045
2047
2047
2048
2048
2048
2050
2051
2054
2055
2057
2058
2061
2061
2063
2067
2067
2068
2069
2071
2071
2072
2072
2072
2074
2074
2074
2074
2076
2076
2079
2079
2084
2085
2086
2088
2090
2090
2092
2092
2093
2098
2099
2099
2101
2101
2106
2110
2113
2114
2114
2115
2115
2115
2116
2118
2119
2120
2120
2122
2124
2124
2126
2126
2126
2128
2130
2133
2133
2134
2135
2137
2137
2140
2140
2141
2142
2142
2142
2143
2144
2144
2144
2144
2145
2146
2147
2147
2149
2150
2150
2152
2152
2153
2153
2153
2156
2157
2158
2158
2159
2160
2160
2161
2164
2164
2165
2167
2167
2169
2171
2172
2172
2173
2179
2180
2180
2180
2182
2183
2186
2189
2189
2191
2191
2193
2194
2194
2195
2196
2199
2200
2200
2201
2202
2203
2204
2204
2206
2206
2207
2207
2207
2208
2209
2210
2212
2215
2215
2216
2217
2221
2221
2222
2223
2224
2224
2225
2227
2229
2229
2230
2231
2231
2232
2234
2235
2238
2239
2240
2240
2240
2241
2241
2242
2245
2247
2248
2250
2250
2251
2251
2252
2254
2259
2262
2262
2263
2264
2264
2264
2264
2268
2268
2270
2270
2270
2270
2270
2271
2271
2272
2273
2273
2274
2275
2277
2279
2280
2281
2282
2282
2283
2284
2284
2287
2287
2288
2289
2291
2292
2293
2295
2298
2298
2299
2300
2301
2301
2302
2303
2304
2305
2305
2307
2308
2309
2311
2312
2317
2320
2320
2323
2323
2325
2325
2327
2329
2330
2337
2338
2339
2340
2341
2343
2344
2344
2347
2350
2350
2351
2354
2358
2358
2361
2363
2366
2370
2372
2374
2376
2376
2378
2379
2380
2382
2385
2385
2385
2386
2387
2388
2388
2391
2391
2394
2395
2396
2396
2397
2398
2402
2403
2404
2405
2406
2407
2407
2408
2409
2409
2409
2412
2412
2412
2412
2413
2414
2414
2415
2417
2418
2418
2418
2421
2422
2423
2423
2424
2425
2425
2426
2427
2427
2428
2428
2429
2433
2436
2436
2437
2440
2441
2441
2441
2442
2444
2444
2445
2451
2452
2454
2454
2457
2457
2458
2459
2461
2461
2461
2463
2465
2469
2469
2473
2474
2474
2475
2475
2476
2480
2481
2483
2484
2486
2489
2490
2491
2494
2496
2497
2499
2499
2502
2502
2503
2505
2505
2505
2509
2510
2510
2511
2512
2517
2519
2520
2520
2523
2526
2526
2527
2527
2529
2530
2532
2534
2534
2535
2540
2541
2541
2544
2545
2545
2545
2545
2546
2548
2551
2552
2553
2555
2555
2556
2556
2557
2559
2560
2561
2561
2562
2563
2564
2567
2567
2569
2570
2570
2570
2571
2572
2573
2573
2576
2580
2581
2582
2583
2583
2584
2585
2585
2585
2586
2586
2587
2587
2587
2587
2588
2590
2591
2593
2594
2598
2600
2601
2602
2602
2604
2606
2607
2608
2609
2611
2613
2614
2614
2615
2618
2620
2620
2620
2621
2621
2622
2624
2626
2627
2627
2628
2628
2628
2629
2631
2631
2633
2635
2635
2638
2639
2639
2640
2640
2642
2644
2645
2647
2647
2652
2653
2654
2656
2657
2658
2659
2661
2661
2661
2661
2661
2664
2668
2668
2673
2673
2675
2676
2678
2678
2679
2680
2686
2686
2687
2688
2688
2690
2690
2691
2692
2694
2695
2696
2697
2697
2698
2699
2699
2700
2700
2703
2703
2704
2704
2706
2707
2707
2708
2710
2710
2713
2713
2713
2715
2716
2717
2717
2717
2718
2719
2719
2721
2721
2722
2726
2727
2728
2729
2729
2729
2734
2736
2738
2740
2742
2743
2743
2746
2746
2747
2748
2750
2751
2752
2754
2754
2759
2760
2761
2761
2761
2761
2763
2764
2764
2765
2765
2766
2766
2767
2769
2770
2770
2772
2773
2773
2773
2776
2780
2780
2781
2781
2786
2786
2786
2786
2787
2788
2790
2791
2792
2794
2794
2798
2799
2802
2802
2807
2808
2809
2810
2811
2811
2811
2813
2813
2816
2816
2816
2816
2817
2818
2818
2823
2823
2826
2827
2828
2829
2829
2830
2831
2831
2832
2835
2838
2839
2840
2842
2844
2845
2847
2847
2847
2853
2853
2857
2857
2857
2858
2859
2863
2864
2865
2865
2865
2865
2867
2868
2868
2872
2874
2874
2875
2875
2875
2878
2887
2887
2889
2892
2893
2893
2894
2894
2896
2898
2899
2899
2902
2902
2906
2906
2908
2908
2908
2908
2909
2910
2912
2912
2913
2913
2914
2915
2921
2921
2921
2925
2926
2926
2927
2930
2933
2935
2935
2937
2937
2938
2942
2942
2943
2944
2944
2945
2957
2958
2960
2960
2961
2964
2966
2966
2967
2967
2968
2968
2971
2971
2971
2971
2973
2975
2976
2978
2978
2981
2983
2984
2988
2991
2996
2996
2997
2999
3000
3003
3005
3005
3006
3008
3009
3009
3010
3010
3011
3011
3012
3012
3012
3014
3016
3016
3020
3021
3022
3023
3025
3027
3028
3028
3029
3030
3031
3031
3031
3032
3041
3042
3046
3047
3048
3049
3050
3051
3057
3057
3058
3061
3061
3062
3062
3065
3065
3066
3066
3067
3067
3071
3073
3073
3074
3074
3076
3077
3077
3077
3079
3080
3083
3086
3087
3087
3093
3094
3095
3095
3095
3096
3097
3098
3098
3099
3100
3103
3103
3106
3106
3107
3108
3109
3110
3110
3110
3111
3115
3115
3115
3116
3117
3119
3119
3120
3120
3121
3123
3123
3124
3126
3126
3127
3127
3129
3129
3130
3134
3135
3135
3136
3136
3137
3138
3141
3146
3147
3147
3149
3150
3150
3152
3152
3154
3158
3160
3161
3162
3163
3163
3164
3164
3165
3167
3168
3170
3173
3174
3182
3184
3185
3185
3186
3188
3188
3189
3191
3193
3195
3196
3196
3198
3198
3199
3202
3203
3205
3205
3206
3206
3207
3207
3208
3209
3210
3212
3215
3216
3216
3216
3218
3220
3222
3224
3224
3225
3226
3226
3228
3230
3230
3232
3232
3233
3236
3240
3240
3241
3242
3245
3246
3249
3249
3260
3262
3263
3264
3264
3266
3266
3268
3269
3269
3270
3272
3274
3276
3277
3279
3281
3281
3284
3288
3289
3290
3291
3291
3291
3291
3294
3294
3295
3296
3296
3298
3303
3304
3306
3308
3310
3312
3312
3316
3316
3317
3317
3318
3318
3323
3323
3325
3326
3328
3328
3329
3330
3330
3332
3333
3337
3339
3339
3343
3344
3349
3349
3350
3350
3351
3352
3352
3354
3355
3358
3359
3361
3364
3364
3364
3364
3364
3365
3366
3367
3368
3368
3368
3369
3370
3371
3372
3375
3376
3376
3378
3379
3380
3383
3383
3385
3386
3387
3387
3390
3390
3393
3394
3394
3394
3397
3398
3398
3399
3400
3401
3403
3404
3409
3410
3412
3414
3417
3418
3419
3421
3423
3424
3424
3426
3426
3427
3427
3428
3429
3430
3431
3434
3434
3434
3438
3439
3441
3441
3446
3448
3449
3450
3450
3450
3451
3452
3454
3456
3457
3458
3458
3458
3459
3460
3460
3461
3461
3462
3463
3467
3468
3469
3470
3472
3472
3473
3477
3477
3477
3479
3481
3481
3481
3484
3484
3487
3488
3488
3489
3489
3492
3493
3494
3494
3495
3495
3495
3495
3496
3497
3500
3501
3504
3505
3505
3507
3508
3510
3510
3512
3517
3518
3519
3519
3519
3523
3526
3527
3528
3529
3533
3534
3535
3535
3535
3536
3537
3538
3539
3540
3540
3541
3544
3544
3544
3544
3546
3547
3548
3549
3550
3552
3553
3553
3553
3556
3557
3558
3558
3560
3561
3562
3563
3565
3565
3566
3566
3568
3569
3569
3569
3570
3570
3572
3573
3575
3576
3578
3581
3581
3582
3584
3586
3587
3588
3590
3592
3593
3593
3593
3594
3595
3596
3599
3599
3599
3599
3601
3607
3607
3607
3609
3609
3610
3611
3612
3612
3613
3613
3613
3614
3614
3615
3615
3616
3617
3617
3619
3619
3624
3625
3627
3628
3630
3631
3631
3631
3633
3633
3633
3634
3635
3635
3636
3639
3641
3645
3646
3647
3650
3650
3650
3651
3652
3653
3654
3655
3655
3658
3659
3659
3659
3660
3661
3661
3663
3665
3665
3665
3667
3667
3667
3668
3668
3668
3669
3670
3671
3671
3678
3678
3679
3681
3682
3684
3686
3686
3688
3688
3689
3695
3696
3697
3697
3697
3698
3700
3701
3703
3706
3708
3710
3713
3714
3715
3715
3715
3716
3717
3724
3725
3726
3726
3728
3729
3729
3729
3729
3730
3732
3732
3733
3737
3738
3738
3739
3741
3742
3743
3743
3743
3748
3748
3750
3750
3750
3751
3752
3752
3753
3753
3753
3754
3754
3758
3759
3761
3762
3763
3763
3763
3764
3764
3768
3770
3770
3775
3780
3780
3780
3781
3782
3784
3785
3788
3791
3791
3793
3793
3793
3794
3795
3795
3795
3796
3796
3796
3797
3797
3799
3800
3802
3804
3806
3808
3809
3812
3812
3813
3815
3819
3820
3821
3822
3827
3827
3828
3830
3831
3832
3832
3833
3834
3835
3838
3838
3839
3839
3842
3845
3847
3850
3852
3853
3853
3855
3856
3857
3859
3860
3861
3862
3863
3864
3865
3865
3867
3869
3872
3874
3878
3882
3885
3886
3887
3887
3893
3900
3900
3900
3902
3904
3906
3907
3907
3909
3910
3910
3911
3911
3912
3912
3913
3914
3915
3915
3915
3917
3921
3922
3923
3924
3925
3926
3927
3927
3929
3932
3932
3933
3934
3936
3941
3942
3947
3947
3952
3954
3954
3957
3958
3958
3960
3960
3966
3966
3968
3968
3969
3969
3972
3972
3974
3976
3976
3978
3979
3980
3980
3982
3986
3986
3986
3988
3989
3991
3991
3992
3994
3994
3995
3995
3995
3996
3997
3999
4000
4002
4002
4002
4002
4003
4003
4003
4004
4004
4009
4009
4011
4012
4015
4015
4016
4018
4018
4018
4019
4019
4021
4023
4025
4026
4026
4027
4029
4030
4035
4035
4037
4037
4039
4040
4041
4042
4043
4044
4044
4045
4050
4052
4053
4053
4053
4055
4056
4056
4057
4057
4061
4063
4064
4065
4068
4069
4069
4069
4070
4071
4072
4073
4074
4075
4076
4077
4077
4078
4080
4081
4085
4085
4086
4089
4089
4092
4093
4094
4095
4096
4097
4097
4097
4097
4098
4098
4102
4103
4104
4105
4109
4109
4110
4110
4112
4112
4112
4112
4113
4117
4117
4118
4118
4118
4119
4119
4121
4121
4121
4123
4124
4125
4125
4126
4129
4131
4133
4134
4134
4134
4136
4137
4139
4141
4141
4142
4142
4142
4144
4145
4146
4147
4148
4150
4150
4152
4153
4154
4155
4157
4157
4157
4159
4161
4162
4164
4167
4172
4176
4177
4179
4180
4180
4180
4180
4181
4181
4183
4183
4184
4186
4187
4188
4188
4188
4189
4189
4189
4191
4191
4193
4194
4195
4196
4197
4199
4200
4203
4205
4207
4211
4211
4212
4212
4213
4214
4215
4217
4218
4220
4221
4222
4222
4228
4228
4229
4229
4232
4232
4236
4237
4238
4238
4238
4239
4239
4239
4240
4241
4241
4243
4245
4247
4248
4249
4249
4250
4251
4252
4253
4255
4255
4255
4256
4256
4260
4261
4262
4263
4264
4267
4267
4269
4272
4273
4274
4274
4274
4276
4279
4280
4281
4282
4283
4284
4288
4289
4294
4294
4296
4297
4297
4297
4298
4298
4299
4299
4300
4302
4305
4306
4306
4307
4309
4310
4311
4312
4314
4314
4319
4320
4320
4322
4322
4323
4323
4325
4325
4327
4327
4327
4328
4328
4330
4333
4334
4334
4336
4337
4337
4338
4341
4342
4345
4345
4345
4347
4347
4348
4350
4351
4351
4353
4353
4354
4355
4358
4359
4360
4361
4361
4363
4368
4371
4372
4372
4372
4372
4374
4375
4376
4377
4380
4381
4382
4384
4385
4388
4389
4389
4389
4390
4390
4392
4392
4393
4394
4394
4395
4395
4397
4399
4400
4400
4401
4402
4403
4403
4404
4404
4405
4405
4405
4405
4406
4407
4407
4407
4409
4412
4415
4416
4418
4418
4419
4420
4421
4421
4421
4422
4423
4424
4426
4426
4429
4431
4432
4433
4436
4436
4436
4436
4437
4440
4443
4444
4444
4446
4449
4450
4450
4451
4452
4453
4454
4454
4454
4457
4458
4459
4462
4463
4465
4468
4473
4473
4474
4475
4475
4476
4478
4480
4482
4484
4484
4487
4489
4490
4491
4491
4491
4492
4493
4493
4493
4493
4494
4498
4499
4500
4500
4503
4503
4503
4504
4505
4506
4509
4509
4511
4515
4516
4516
4517
4519
4520
4522
4523
4524
4530
4531
4533
4533
4534
4534
4534
4542
4544
4547
4550
4553
4554
4555
4556
4557
4558
4558
4561
4563
4565
4566
4567
4567
4567
4567
4568
4568
4569
4573
4574
4575
4577
4577
4577
4578
4579
4579
4580
4584
4586
4586
4586
4587
4588
4590
4591
4592
4592
4593
4593
4595
4596
4597
4599
4599
4602
4604
4607
4607
4608
4610
4611
4613
4613
4614
4614
4615
4616
4618
4618
4619
4619
4620
4620
4620
4623
4626
4630
4631
4632
4632
4635
4635
4635
4637
4638
4641
4641
4643
4643
4644
4646
4647
4648
4648
4650
4650
4650
4651
4653
4653
4655
4655
4655
4659
4663
4664
4665
4665
4667
4670
4671
4673
4674
4675
4677
4678
4681
4681
4682
4682
4683
4684
4686
4687
4687
4689
4689
4691
4692
4694
4694
4696
4697
4697
4699
4699
4700
4700
4702
4703
4703
4710
4712
4715
4716
4717
4719
4719
4720
4721
4721
4721
4721
4722
4724
4726
4729
4729
4730
4731
4732
4732
4734
4736
4739
4739
4742
4742
4742
4744
4745
4746
4746
4748
4749
4749
4749
4750
4752
4753
4757
4757
4759
4761
4761
4764
4768
4770
4770
4770
4771
4771
4771
4772
4773
4774
4775
4779
4780
4781
4781
4782
4782
4783
4785
4787
4788
4788
4790
4791
4791
4791
4793
4794
4795
4797
4798
4798
4799
4799
4800
4801
4801
4801
4802
4804
4804
4806
4807
4810
4811
4811
4813
4813
4813
4816
4817
4822
4822
4824
4825
4826
4827
4827
4828
4828
4828
4828
4832
4834
4834
4835
4835
4836
4840
4841
4844
4844
4851
4853
4855
4855
4858
4859
4859
4860
4861
4863
4863
4864
4864
4864
4865
4866
4867
4868
4868
4869
4869
4870
4871
4871
4874
4874
4875
4876
4876
4876
4879
4880
4881
4884
4885
4886
4887
4887
4888
4888
4889
4891
4891
4894
4894
4894
4895
4895
4896
4896
4897
4899
4901
4903
4904
4905
4905
4905
4906
4907
4907
4910
4911
4912
4914
4914
4914
4918
4920
4921
4921
4922
4925
4926
4927
4928
4928
4928
4929
4930
4931
4932
4932
4934
4935
4936
4936
4937
4938
4939
4942
4943
4943
4943
4945
4945
4946
4946
4946
4948
4949
4950
4956
4958
4959
4961
4961
4962
4963
4964
4967
4969
4971
4971
4971
4973
4974
4974
4977
4980
4981
4982
4985
4985
4985
4988
4989
4989
4992
4994
4995
4996
4996
4998
4999
5002
5004
5004
5004
5005
5008
5012
5012
5015
5017
5017
5017
5017
5018
5020
5021
5023
5024
5024
5025
5027
5029
5029
5029
5031
5031
5032
5032
5033
5034
5035
5036
5036
5036
5040
5042
5043
5043
5046
5049
5049
5051
5052
5053
5053
5054
5056
5056
5057
5058
5058
5059
5059
5060
5061
5062
5063
5064
5065
5067
5068
5070
5070
5071
5071
5074
5075
5076
5077
5080
5080
5083
5083
5088
5089
5090
5090
5092
5092
5095
5095
5095
5098
5099
5100
5101
5103
5104
5106
5106
5106
5108
5108
5109
5110
5111
5112
5115
5116
5120
5122
5122
5126
5130
5130
5132
5132
5136
5136
5138
5141
5141
5143
5144
5144
5144
5144
5147
5147
5148
5148
5149
5150
5151
5153
5153
5154
5157
5158
5158
5159
5163
5166
5166
5166
5167
5168
5168
5170
5170
5170
5171
5172
5174
5175
5177
5179
5179
5180
5181
5181
5181
5183
5183
5185
5185
5186
5188
5192
5196
5196
5199
5199
5203
5203
5204
5205
5205
5208
5208
5209
5210
5210
5214
5215
5216
5219
5220
5221
5225
5225
5227
5228
5229
5230
5230
5232
5233
5236
5238
5238
5238
5239
5240
5245
5248
5249
5250
5251
5252
5253
5253
5254
5254
5256
5258
5260
5261
5261
5263
5264
5264
5269
5269
5271
5273
5274
5274
5275
5276
5276
5278
5279
5282
5283
5287
5292
5292
5296
5296
5297
5298
5298
5299
5300
5300
5303
5305
5307
5307
5312
5312
5313
5314
5314
5315
5319
5320
5322
5323
5325
5325
5326
5327
5327
5327
5328
5328
5328
5328
5329
5329
5330
5331
5331
5332
5332
5333
5333
5335
5336
5338
5339
5339
5340
5342
5347
5347
5348
5349
5351
5352
5354
5355
5358
5358
5358
5363
5363
5363
5364
5364
5364
5367
5367
5368
5368
5372
5373
5376
5376
5376
5377
5378
5378
5378
5378
5379
5380
5381
5383
5383
5385
5386
5391
5394
5396
5399
5401
5402
5404
5404
5405
5406
5407
5408
5411
5412
5413
5415
5415
5415
5417
5417
5418
5419
5422
5423
5423
5424
5426
5428
5431
5432
5432
5433
5433
5434
5435
5438
5439
5439
5439
5440
5440
5441
5441
5442
5444
5447
5449
5450
5452
5453
5457
5457
5460
5464
5466
5467
5468
5468
5469
5470
5473
5475
5478
5478
5480
5481
5481
5482
5483
5484
5485
5485
5488
5488
5490
5490
5495
5501
5501
5502
5502
5504
5504
5506
5510
5510
5511
5511
5511
5512
5513
5515
5515
5516
5517
5519
5520
5520
5521
5524
5526
5530
5531
5532
5532
5533
5535
5536
5537
5538
5539
5542
5542
5543
5545
5546
5546
5547
5549
5550
5551
5552
5557
5558
5566
5567
5571
5573
5573
5574
5576
5578
5580
5581
5582
5586
5586
5587
5591
5591
5591
5595
5595
5596
5597
5597
5599
5599
5599
5602
5608
5609
5609
5610
5610
5611
5611
5612
5612
5612
5613
5614
5615
5616
5618
5619
5619
5619
5620
5623
5625
5625
5627
5629
5630
5632
5634
5639
5641
5643
5644
5645
5645
5647
5648
5648
5650
5651
5651
5652
5653
5654
5654
5659
5661
5661
5663
5665
5666
5667
5669
5669
5669
5672
5673
5673
5674
5675
5675
5677
5678
5680
5680
5681
5682
5682
5683
5684
5688
5692
5692
5694
5698
5698
5699
5700
5700
5701
5701
5703
5703
5704
5704
5706
5706
5707
5710
5711
5712
5712
5713
5714
5715
5715
5716
5718
5718
5719
5719
5719
5720
5720
5721
5723
5725
5727
5728
5729
5729
5729
5729
5729
5729
5730
5730
5734
5735
5736
5738
5740
5741
5745
5748
5748
5749
5750
5751
5752
5753
5754
5754
5756
5756
5756
5757
5757
5758
5758
5760
5763
5763
5764
5766
5769
5772
5773
5775
5776
5779
5780
5786
5787
5787
5787
5788
5791
5793
5795
5796
5796
5796
5797
5797
5797
5798
5798
5799
5803
5804
5806
5807
5810
5812
5812
5814
5814
5814
5814
5814
5816
5817
5819
5823
5826
5826
5827
5828
5831
5834
5835
5837
5837
5838
5838
5839
5843
5843
5845
5846
5846
5846
5849
5849
5850
5850
5851
5851
5854
5855
5856
5859
5859
5861
5865
5865
5870
5875
5878
5878
5878
5880
5880
5880
5884
5885
5886
5887
5889
5889
5889
5890
5892
5893
5895
5895
5896
5899
5899
5900
5901
5902
5905
5907
5910
5911
5913
5916
5919
5920
5921
5924
5924
5925
5929
5932
5935
5937
5937
5938
5938
5940
5941
5943
5943
5944
5945
5947
5948
5949
5949
5951
5953
5957
5957
5960
5960
5961
5963
5963
5963
5964
5965
5966
5967
5968
5969
5971
5972
5972
5973
5977
5978
5983
5983
5984
5985
5987
5988
5988
5990
5990
5990
5990
5991
5992
5992
5992
5993
5995
5996
5998
5999
6000
6005
6006
6006
6009
6010
6011
6013
6016
6017
6018
6019
6019
6020
6021
6023
6023
6023
6023
6024
6025
6025
6029
6030
6030
6034
6036
6037
6040
6042
6042
6042
6042
6043
6043
6045
6046
6046
6047
6048
6048
6049
6049
6049
6050
6050
6050
6054
6057
6059
6059
6059
6060
6061
6062
6063
6063
6063
6064
6066
6067
6067
6068
6068
6069
6069
6070
6072
6075
6075
6075
6076
6077
6077
6078
6079
6080
6080
6082
6083
6084
6085
6085
6085
6085
6086
6086
6088
6089
6090
6091
6092
6092
6093
6094
6095
6096
6098
6098
6100
6100
6101
6101
6101
6101
6102
6102
6103
6103
6104
6106
6106
6107
6107
6108
6109
6110
6111
6111
6112
6112
6113
6113
6113
6114
6125
6125
6125
6125
6128
6132
6140
6141
6143
6143
6144
6144
6145
6147
6147
6149
6149
6150
6150
6150
6154
6154
6154
6156
6158
6160
6161
6163
6164
6164
6165
6166
6166
6166
6167
6167
6169
6173
6173
6173
6175
6176
6176
6178
6178
6178
6179
6180
6180
6182
6184
6184
6185
6186
6187
6188
6188
6188
6190
6190
6190
6191
6192
6194
6198
6201
6202
6205
6205
6205
6210
6212
6212
6214
6214
6214
6215
6217
6218
6220
6220
6220
6220
6220
6222
6222
6223
6224
6226
6227
6234
6236
6237
6237
6241
6242
6243
6243
6244
6245
6245
6246
6246
6246
6252
6253
6255
6256
6257
6258
6259
6259
6259
6260
6260
6261
6261
6262
6264
6265
6267
6267
6267
6270
6271
6273
6274
6274
6276
6281
6283
6283
6283
6283
6287
6288
6289
6290
6290
6291
6291
6293
6294
6295
6296
6296
6299
6301
6301
6303
6303
6304
6307
6310
6310
6310
6314
6315
6318
6319
6321
6321
6323
6323
6326
6327
6328
6329
6330
6331
6332
6332
6334
6334
6335
6335
6335
6336
6336
6339
6341
6342
6342
6344
6345
6346
6346
6346
6348
6348
6352
6354
6354
6355
6357
6360
6366
6367
6368
6368
6369
6369
6369
6372
6374
6375
6376
6376
6377
6377
6379
6380
6382
6384
6386
6387
6390
6390
6391
6393
6393
6394
6396
6396
6398
6398
6400
6403
6404
6408
6409
6409
6412
6412
6413
6415
6415
6416
6417
6417
6419
6419
6420
6421
6421
6422
6423
6423
6423
6424
6425
6425
6426
6427
6428
6429
6429
6436
6438
6438
6440
6440
6440
6440
6443
6445
6445
6446
6447
6447
6448
6450
6451
6453
6456
6456
6456
6457
6461
6462
6462
6464
6471
6471
6471
6471
6473
6473
6475
6475
6476
6477
6481
6483
6483
6484
6486
6487
6487
6488
6488
6490
6492
6492
6492
6496
6497
6498
6499
6499
6501
6503
6506
6506
6508
6511
6511
6513
6514
6515
6516
6517
6518
6519
6520
6522
6523
6524
6524
6527
6528
6529
6530
6532
6534
6534
6536
6538
6542
6543
6545
6545
6546
6547
6547
6548
6548
6549
6552
6552
6554
6556
6557
6557
6559
6559
6563
6564
6564
6565
6566
6567
6567
6568
6568
6569
6569
6569
6569
6569
6572
6573
6573
6575
6577
6579
6583
6584
6585
6586
6587
6588
6589
6591
6594
6598
6598
6599
6602
6604
6606
6607
6607
6612
6613
6616
6618
6619
6620
6623
6623
6626
6629
6632
6634
6639
6641
6642
6644
6647
6648
6650
6650
6650
6651
6652
6652
6652
6652
6653
6653
6655
6659
6660
6661
6662
6664
6665
6665
6666
6666
6666
6667
6668
6669
6673
6675
6676
6677
6678
6678
6678
6679
6681
6682
6682
6685
6687
6687
6689
6690
6690
6691
6691
6694
6695
6697
6701
6703
6704
6705
6708
6708
6711
6712
6713
6714
6714
6714
6715
6715
6716
6717
6717
6717
6718
6719
6720
6721
6723
6723
6725
6728
6729
6730
6730
6731
6732
6733
6733
6733
6734
6735
6735
6736
6736
6736
6737
6738
6738
6739
6741
6741
6742
6742
6744
6745
6746
6746
6747
6748
6749
6751
6751
6752
6752
6753
6754
6755
6757
6757
6757
6758
6758
6758
6759
6760
6761
6761
6762
6762
6762
6763
6763
6764
6765
6768
6769
6770
6774
6777
6780
6780
6781
6781
6783
6785
6785
6787
6787
6787
6788
6789
6791
6792
6793
6795
6796
6797
6797
6800
6801
6803
6804
6804
6805
6805
6807
6812
6815
6817
6818
6818
6818
6820
6820
6822
6822
6823
6824
6824
6825
6825
6825
6827
6828
6829
6833
6833
6834
6835
6836
6837
6844
6845
6846
6847
6848
6848
6850
6851
6851
6852
6853
6855
6857
6857
6857
6859
6862
6864
6867
6868
6868
6871
6871
6874
6874
6879
6879
6883
6885
6888
6888
6890
6892
6893
6893
6894
6897
6898
6899
6901
6902
6902
6902
6903
6903
6904
6906
6906
6909
6910
6910
6912
6913
6914
6916
6917
6920
6920
6924
6925
6925
6925
6926
6927
6927
6929
6932
6932
6936
6938
6939
6940
6940
6941
6942
6942
6945
6947
6948
6948
6950
6960
6960
6961
6962
6962
6962
6964
6966
6966
6968
6970
6973
6973
6974
6974
6975
6978
6978
6979
6980
6981
6983
6985
6986
6989
6991
6991
6992
6993
6993
6997
6999
6999
7000
7000
7000
7001
7002
7003
7005
7005
7006
7007
7007
7007
7008
7009
7009
7010
7011
7012
7013
7014
7014
7016
7019
7019
7020
7020
7023
7029
7029
7030
7033
7033
7037
7038
7039
7040
7041
7043
7045
7048
7048
7051
7051
7052
7052
7053
7055
7056
7056
7057
7058
7059
7059
7060
7060
7061
7062
7064
7064
7065
7067
7070
7071
7072
7073
7075
7075
7077
7077
7077
7077
7079
7079
7081
7082
7084
7085
7088
7090
7092
7093
7094
7095
7097
7098
7100
7101
7101
7103
7104
7109
7109
7109
7114
7114
7115
7116
7116
7118
7118
7119
7122
7122
7124
7127
7127
7128
7130
7131
7131
7134
7136
7136
7138
7139
7142
7144
7144
7144
7144
7145
7147
7147
7148
7149
7150
7151
7152
7153
7153
7154
7154
7156
7156
7157
7160
7161
7162
7163
7164
7165
7167
7167
7168
7169
7170
7173
7173
7174
7175
7176
7176
7177
7182
7183
7183
7185
7187
7189
7193
7196
7196
7201
7202
7203
7205
7206
7211
7212
7212
7212
7213
7216
7216
7221
7223
7225
7225
7226
7227
7227
7227
7228
7228
7229
7230
7230
7232
7234
7234
7234
7237
7237
7238
7239
7241
7243
7243
7247
7247
7250
7250
7251
7251
7252
7254
7255
7259
7262
7268
7268
7268
7271
7273
7275
7277
7278
7278
7278
7279
7279
7280
7281
7282
7284
7284
7285
7287
7288
7289
7290
7292
7296
7296
7299
7301
7302
7303
7305
7305
7306
7311
7311
7313
7314
7315
7315
7318
7319
7320
7323
7328
7329
7330
7331
7332
7332
7332
7333
7333
7335
7336
7337
7337
7337
7338
7338
7338
7339
7343
7345
7347
7350
7351
7352
7352
7354
7355
7356
7358
7358
7359
7359
7360
7362
7362
7364
7365
7366
7367
7369
7369
7369
7371
7374
7376
7378
7379
7380
7380
7381
7381
7382
7384
7385
7386
7387
7388
7388
7389
7391
7391
7392
7392
7394
7394
7395
7397
7399
7401
7402
7403
7404
7404
7407
7408
7410
7413
7414
7415
7415
7416
7418
7425
7425
7426
7426
7428
7428
7428
7428
7429
7432
7437
7437
7439
7439
7439
7440
7441
7443
7443
7444
7445
7445
7447
7448
7449
7449
7449
7450
7451
7454
7456
7457
7461
7464
7465
7466
7466
7466
7467
7468
7468
7469
7469
7471
7472
7472
7473
7474
7475
7476
7477
7478
7479
7479
7480
7480
7482
7483
7483
7483
7484
7485
7485
7485
7488
7489
7489
7489
7492
7493
7493
7494
7494
7497
7498
7499
7500
7501
7501
7501
7502
7502
7502
7503
7503
7503
7504
7505
7505
7506
7508
7508
7508
7509
7510
7512
7512
7513
7513
7513
7515
7517
7518
7520
7520
7522
7523
7526
7526
7527
7527
7528
7528
7529
7529
7529
7530
7530
7533
7535
7538
7540
7542
7542
7543
7546
7546
7547
7547
7548
7549
7551
7552
7553
7554
7556
7558
7558
7559
7560
7563
7564
7565
7566
7567
7567
7568
7568
7571
7573
7573
7574
7575
7576
7576
7578
7579
7579
7580
7581
7582
7583
7585
7586
7589
7589
7591
7593
7596
7597
7597
7599
7599
7599
7599
7602
7604
7604
7604
7604
7605
7607
7608
7609
7611
7612
7612
7613
7613
7617
7619
7619
7620
7622
7623
7625
7626
7628
7628
7628
7634
7635
7635
7636
7638
7638
7639
7640
7641
7641
7643
7644
7644
7647
7648
7649
7651
7651
7651
7651
7652
7653
7653
7653
7653
7654
7655
7655
7656
7657
7657
7658
7660
7661
7664
7665
7667
7667
7671
7672
7673
7675
7676
7676
7676
7677
7678
7678
7679
7680
7681
7682
7682
7682
7683
7684
7685
7686
7690
7691
7691
7692
7692
7693
7694
7697
7697
7698
7699
7699
7700
7702
7704
7704
7707
7711
7716
7717
7717
7718
7719
7720
7720
7721
7722
7724
7725
7728
7729
7729
7731
7731
7731
7732
7733
7734
7736
7736
7737
7737
7738
7739
7740
7740
7741
7742
7743
7744
7744
7745
7746
7747
7748
7748
7749
7749
7749
7750
7753
7755
7758
7758
7760
7762
7764
7769
7775
7775
7779
7780
7782
7783
7785
7788
7789
7790
7791
7791
7793
7794
7799
7800
7801
7805
7805
7806
7810
7811
7813
7816
7817
7818
7819
7819
7820
7822
7823
7825
7825
7826
7827
7831
7831
7832
7835
7835
7835
7835
7836
7837
7838
7841
7841
7841
7842
7844
7844
7846
7846
7846
7847
7847
7847
7852
7857
7857
7858
7859
7860
7861
7867
7870
7874
7874
7874
7876
7878
7878
7879
7879
7879
7881
7883
7883
7884
7884
7885
7886
7887
7890
7893
7893
7893
7896
7896
7896
7899
7899
7900
7902
7904
7904
7906
7909
7910
7911
7912
7912
7916
7917
7917
7920
7921
7921
7921
7922
7922
7922
7925
7925
7926
7929
7931
7931
7935
7935
7935
7936
7937
7937
7939
7939
7940
7942
7944
7945
7948
7952
7955
7955
7955
7958
7961
7961
7963
7965
7965
7965
7966
7969
7969
7969
7969
7969
7973
7973
7973
7975
7976
7978
7980
7982
7982
7983
7983
7983
7984
7986
7988
7988
7988
7989
7990
7991
7993
7994
7995
7995
7995
7995
7997
7998
7999
7999
8002
8005
8007
8007
8009
8011
8012
8013
8013
8014
8015
8015
8017
8022
8024
8025
8025
8025
8026
8032
8036
8036
8041
8042
8042
8043
8043
8044
8046
8047
8048
8049
8049
8050
8051
8053
8053
8053
8054
8054
8055
8056
8056
8057
8058
8060
8060
8061
8063
8066
8066
8066
8067
8067
8071
8071
8072
8073
8076
8076
8082
8083
8083
8084
8085
8086
8092
8092
8093
8093
8097
8097
8100
8100
8105
8105
8106
8107
8107
8108
8108
8115
8116
8117
8119
8122
8123
8124
8125
8125
8126
8126
8127
8127
8128
8128
8129
8129
8131
8131
8131
8134
8136
8136
8137
8139
8139
8140
8140
8141
8144
8145
8148
8149
8150
8150
8150
8154
8155
8156
8157
8158
8162
8162
8163
8164
8165
8166
8166
8167
8168
8169
8170
8171
8171
8172
8173
8175
8176
8176
8177
8178
8182
8184
8186
8186
8187
8188
8188
8190
8191
8194
8195
8197
8198
8201
8201
8202
8203
8205
8209
8209
8210
8210
8213
8213
8214
8214
8214
8217
8218
8218
8220
8221
8221
8222
8223
8225
8233
8235
8235
8235
8237
8237
8237
8238
8239
8240
8242
8242
8244
8245
8246
8246
8247
8247
8248
8249
8252
8252
8253
8253
8255
8259
8259
8264
8266
8268
8268
8269
8271
8272
8272
8273
8273
8273
8273
8274
8276
8278
8279
8282
8282
8283
8283
8284
8284
8284
8285
8285
8286
8287
8288
8291
8292
8292
8292
8302
8304
8306
8306
8306
8306
8307
8309
8309
8309
8310
8312
8314
8315
8315
8315
8316
8318
8318
8321
8321
8321
8322
8323
8323
8325
8326
8327
8327
8329
8329
8333
8335
8336
8337
8337
8337
8339
8340
8341
8341
8344
8344
8344
8345
8346
8349
8350
8351
8353
8353
8354
8355
8355
8358
8358
8360
8362
8362
8363
8363
8364
8365
8366
8367
8368
8369
8371
8373
8374
8374
8376
8379
8382
8383
8383
8384
8384
8384
8385
8385
8387
8388
8388
8389
8390
8392
8392
8392
8393
8393
8394
8395
8396
8397
8397
8398
8399
8402
8404
8406
8406
8406
8407
8408
8408
8410
8410
8411
8413
8417
8421
8425
8426
8428
8430
8433
8434
8437
8438
8439
8442
8443
8444
8445
8447
8448
8448
8448
8449
8450
8451
8453
8453
8454
8455
8455
8455
8456
8458
8460
8461
8463
8463
8464
8465
8465
8465
8466
8467
8467
8469
8470
8470
8472
8472
8478
8479
8480
8482
8482
8483
8484
8485
8486
8486
8486
8487
8487
8488
8488
8489
8490
8490
8493
8494
8496
8496
8496
8497
8498
8499
8500
8501
8502
8502
8503
8503
8506
8507
8514
8516
8516
8518
8518
8518
8518
8519
8520
8521
8521
8522
8522
8523
8524
8524
8524
8525
8526
8527
8528
8529
8530
8531
8532
8536
8536
8536
8537
8537
8537
8539
8540
8543
8547
8547
8548
8549
8552
8553
8554
8555
8556
8556
8557
8558
8559
8562
8563
8563
8564
8569
8571
8572
8572
8572
8572
8573
8574
8575
8575
8575
8576
8577
8577
8577
8581
8584
8585
8585
8587
8591
8594
8595
8596
8596
8596
8598
8599
8599
8601
8601
8601
8602
8605
8605
8607
8609
8610
8610
8610
8610
8612
8614
8614
8614
8616
8616
8616
8617
8624
8624
8627
8628
8628
8630
8630
8633
8634
8634
8635
8635
8637
8639
8639
8639
8640
8640
8645
8646
8646
8648
8648
8648
8649
8652
8653
8655
8655
8658
8660
8660
8662
8662
8662
8663
8664
8665
8667
8668
8669
8670
8670
8670
8670
8670
8671
8672
8672
8676
8681
8682
8682
8682
8684
8684
8685
8687
8687
8688
8688
8690
8690
8690
8691
8692
8693
8693
8700
8700
8700
8701
8701
8701
8702
8703
8703
8706
8706
8708
8709
8709
8710
8712
8713
8714
8715
8715
8716
8716
8720
8721
8722
8722
8723
8724
8728
8728
8730
8731
8734
8734
8738
8740
8741
8741
8742
8747
8747
8748
8749
8749
8750
8750
8751
8752
8752
8752
8758
8758
8760
8761
8761
8762
8762
8763
8764
8765
8766
8766
8766
8767
8768
8768
8769
8769
8769
8771
8772
8772
8773
8774
8774
8774
8774
8777
8777
8785
8786
8786
8787
8788
8792
8793
8795
8796
8796
8797
8797
8797
8798
8800
8803
8806
8813
8813
8813
8815
8816
8816
8817
8817
8819
8820
8820
8821
8822
8822
8822
8822
8824
8827
8828
8829
8829
8830
8831
8831
8832
8832
8836
8836
8837
8839
8840
8840
8841
8844
8846
8846
8847
8848
8848
8849
8849
8850
8851
8851
8853
8854
8854
8857
8858
8861
8863
8865
8866
8866
8867
8868
8868
8869
8870
8872
8873
8874
8874
8876
8877
8877
8878
8878
8879
8882
8884
8886
8886
8886
8887
8889
8889
8894
8899
8900
8901
8902
8902
8902
8903
8904
8905
8908
8911
8912
8914
8915
8916
8917
8917
8919
8923
8924
8925
8925
8925
8927
8927
8927
8934
8936
8937
8942
8942
8947
8948
8949
8950
8950
8952
8953
8956
8958
8959
8962
8963
8963
8964
8964
8965
8965
8971
8971
8972
8972
8973
8974
8974
8976
8978
8979
8979
8980
8980
8980
8980
8980
8982
8987
8987
8988
8990
8990
8991
8993
8995
8997
8997
8998
8999
8999
8999
9000
9001
9002
9003
9004
9004
9007
9009
9012
9014
9014
9014
9015
9017
9018
9018
9021
9021
9023
9026
9030
9030
9031
9033
9034
9035
9036
9036
9037
9038
9038
9038
9038
9041
9043
9044
9045
9047
9050
9050
9050
9052
9053
9054
9054
9057
9058
9058
9059
9060
9061
9063
9064
9065
9065
9067
9067
9068
9068
9068
9069
9069
9070
9070
9073
9074
9075
9077
9077
9079
9081
9083
9084
9084
9085
9085
9086
9086
9087
9090
9091
9094
9094
9097
9099
9099
9100
9100
9100
9101
9101
9101
9101
9102
9102
9106
9108
9108
9109
9109
9110
9110
9111
9113
9115
9117
9117
9121
9123
9123
9125
9127
9127
9128
9129
9130
9130
9131
9131
9131
9131
9132
9132
9133
9133
9134
9134
9139
9139
9139
9139
9143
9145
9145
9151
9151
9151
9156
9157
9158
9159
9161
9162
9162
9163
9164
9165
9168
9170
9170
9171
9171
9175
9175
9182
9184
9186
9187
9189
9194
9195
9195
9198
9200
9201
9202
9202
9202
9203
9203
9205
9205
9205
9205
9206
9208
9209
9211
9213
9214
9214
9215
9216
9220
9223
9224
9225
9227
9232
9235
9236
9238
9238
9246
9246
9247
9250
9253
9254
9255
9256
9257
9258
9262
9262
9263
9264
9264
9264
9265
9266
9266
9267
9269
9270
9270
9270
9274
9276
9277
9277
9277
9278
9279
9280
9281
9283
9286
9287
9290
9291
9292
9292
9293
9294
9297
9298
9300
9301
9307
9307
9307
9310
9310
9311
9313
9313
9313
9314
9314
9314
9314
9315
9315
9316
9319
9320
9323
9327
9330
9331
9331
9332
9333
9334
9335
9336
9336
9337
9337
9339
9339
9343
9344
9345
9345
9345
9347
9350
9352
9355
9355
9357
9359
9359
9359
9360
9361
9362
9364
9368
9369
9371
9372
9377
9379
9379
9381
9382
9383
9385
9385
9387
9391
9395
9397
9398
9398
9404
9404
9406
9406
9407
9408
9410
9410
9411
9411
9413
9413
9416
9416
9417
9417
9417
9418
9418
9419
9420
9420
9420
9422
9423
9423
9424
9425
9427
9427
9429
9430
9431
9431
9431
9432
9432
9432
9433
9434
9434
9434
9436
9436
9436
9436
9438
9438
9439
9439
9441
9441
9443
9444
9445
9446
9446
9449
9450
9457
9458
9459
9459
9460
9463
9464
9464
9465
9466
9466
9468
9469
9470
9472
9473
9474
9474
9475
9477
9477
9477
9479
9480
9480
9484
9484
9485
9486
9487
9487
9488
9488
9488
9489
9490
9492
9492
9493
9495
9496
9497
9498
9498
9498
9498
9499
9500
9500
9502
9502
9502
9502
9505
9507
9507
9508
9511
9512
9515
9516
9517
9517
9517
9518
9520
9521
9522
9523
9524
9524
9526
9527
9528
9528
9528
9530
9530
9532
9533
9534
9534
9534
9534
9536
9537
9538
9539
9542
9543
9545
9545
9547
9547
9551
9553
9553
9556
9558
9559
9560
9561
9565
9565
9565
9566
9571
9573
9573
9574
9574
9575
9575
9575
9576
9576
9577
9579
9579
9580
9580
9581
9581
9587
9589
9591
9591
9591
9594
9595
9598
9599
9599
9600
9602
9606
9607
9608
9608
9608
9610
9611
9611
9615
9616
9617
9617
9618
9619
9619
9620
9621
9623
9623
9628
9628
9628
9629
9629
9629
9631
9631
9632
9633
9633
9635
9640
9641
9642
9644
9644
9647
9649
9649
9649
9652
9652
9654
9654
9657
9657
9660
9661
9661
9662
9665
9667
9667
9667
9669
9669
9670
9671
9671
9672
9673
9675
9675
9680
9680
9686
9687
9689
9690
9692
9694
9694
9694
9694
9695
9697
9700
9702
9703
9703
9703
9707
9707
9708
9709
9711
9711
9716
9717
9717
9721
9721
9725
9727
9729
9730
9730
9730
9732
9733
9734
9735
9739
9740
9741
9744
9745
9751
9753
9755
9757
9757
9762
9764
9764
9766
9766
9766
9768
9769
9772
9773
9773
9774
9775
9775
9777
9777
9782
9784
9784
9785
9787
9789
9790
9790
9791
9793
9794
9794
9802
9802
9804
9805
9809
9816
9818
9818
9821
9821
9824
9824
9826
9827
9827
9828
9828
9828
9830
9832
9832
9836
9837
9837
9841
9844
9845
9846
9847
9848
9849
9849
9850
9851
9855
9855
9862
9863
9865
9868
9870
9870
9871
9875
9876
9876
9877
9878
9882
9883
9884
9884
9885
9887
9887
9888
9889
9890
9890
9891
9892
9896
9898
9899
9900
9902
9903
9903
9905
9907
9907
9908
9909
9909
9911
9911
9912
9913
9914
9914
9914
9916
9919
9921
9921
9921
9922
9923
9924
9925
9930
9930
9930
9931
9933
9934
9937
9938
9941
9944
9945
9946
9946
9947
9948
9949
9950
9950
9952
9955
9955
9957
9959
9961
9961
9962
9962
9963
9963
9963
9964
9964
9966
9966
9966
9969
9969
9970
9973
9974
9976
9978
9981
9981
9983
9983
9983
9983
9984
9986
9986
9988
9989
9990
9993
9995
9996
9997
9997
9998
9998
9999
10000
