43718
11648
26365
55176
24728
49480
7545
1615
19020
11225
952
33788
35953
7743
39003
43864
1275
17790
27931
62319
65529
7919
62848
40386
58743
45736
61833
56901
50606
29574
8674
27203
36460
33705
1969
33624
33725
26794
8391
33381
51682
49056
36269
28784
63807
21117
48085
38787
25736
22044
7127
15023
20529
38814
55794
54059
4417
21415
33340
48348
35361
64675
52954
41010
38081
24494
42419
46114
44419
3658
52136
11968
12820
31575
56424
50455
43862
20819
1204
8924
60090
20779
13370
40332
2533
49030
39033
18680
25982
13126
26521
20599
15003
23815
41817
36140
55586
20286
12202
15508
43387
38598
6760
63568
63091
16461
30108
50607
46560
25927
25945
12497
40133
46080
812
31649
20714
27250
873
2022
29300
50161
37381
33363
62933
57847
49255
64744
27400
23203
47019
44982
40124
55503
36002
54414
25395
34650
22117
821
62247
2646
47243
8264
51800
32649
32395
21321
36911
27390
36315
50824
15865
47016
5042
55288
52580
54596
12643
38010
1143
2826
49300
49792
64070
44563
59784
15913
65370
31199
53388
54220
42721
6473
36630
57138
57561
51842
6025
9551
37233
34296
31782
51616
41608
39443
29440
57943
38702
39849
58050
25536
6301
33854
53560
55322
8416
23153
29662
43126
30442
33532
53468
32644
36871
52075
61924
8863
5427
37770
48082
10092
7677
10417
12008
9340
61186
58927
65048
29825
26605
30803
11978
32491
60663
54638
16871
15103
7157
7616
27789
1026
16921
16054
2279
59896
19404
15170
16225
37734
35837
10475
30275
50897
59510
58558
28047
12561
63730
21020
18940
41321
9794
7291
5399
11762
21138
22471
42261
28892
44384
50916
59464
19005
52013
58169
11365
32690
5293
54750
10461
30958
36913
13019
15354
11891
65083
24454
39058
19453
60176
63789
48672
39857
34145
45495
17342
933
11441
8109
55132
38379
15489
33530
16941
49356
35495
6186
5751
7115
2626
28005
19333
20609
37732
20882
46698
55049
12641
1203
24112
22865
41224
56383
29545
56441
63222
13678
33279
9263
65435
6480
10613
32653
42241
44100
63089
59665
50129
10596
19625
21945
32425
57636
60076
17670
7080
61550
14825
40472
31561
63259
12714
18191
60493
13287
31693
47306
49319
50946
3724
872
21096
7173
62107
55044
28694
2316
1233
57027
63839
42234
8275
35274
16460
40613
13454
38283
28644
46114
21512
56901
9482
55172
54615
14648
57242
23431
40604
51145
387
27190
22696
19484
1911
51586
26449
29689
10852
41006
55687
54794
40410
52166
30910
6808
49841
46050
30341
39623
12626
4066
21552
12557
29649
50885
29859
62541
3087
1293
52818
363
64171
60004
32918
26679
53549
38440
6289
12932
56443
48036
60051
2698
32159
45347
37605
30360
6860
63705
8161
63325
31823
18935
43800
34809
18169
35236
14446
45059
31283
16283
63162
44253
10829
45067
46745
49080
28966
42903
50530
3481
7875
22702
42705
26935
22461
46554
29162
4560
36116
23268
49659
18779
4830
31482
33141
5973
29484
28026
64541
64341
29847
11340
6585
1829
2167
27080
33809
59220
10266
43303
42547
43010
35230
10710
40789
12077
5351
18224
34369
7551
16656
43358
25703
64819
49956
25769
54990
45621
51198
43329
39087
46867
24265
20394
3403
38768
57607
53542
61549
24380
62284
13335
21747
3391
37106
48702
25885
32744
55599
49178
19373
58345
61077
20532
50948
50396
20532
4495
59211
3745
3574
31716
32650
31583
12352
40944
31234
4425
28202
59255
25138
56314
18661
42042
64295
25221
62337
54151
25295
58945
36776
51351
16918
48427
33396
49086
14788
52940
36918
1058
47429
16012
14442
13087
43594
508
50134
18171
42566
8029
55749
27644
51989
49822
44554
31129
38439
48049
6167
48208
26605
65047
27777
49852
26575
59598
919
58982
16944
17580
35108
17558
46258
64431
10037
11222
49665
36203
21330
5102
25340
52300
48627
14840
6348
51322
32457
33769
55307
32493
28064
48838
40629
52594
26147
23115
52365
25247
57786
62196
35795
40094
18387
2711
26357
24513
26339
8709
3739
50870
29042
35264
1951
7861
14509
7155
64621
63787
28274
22353
23334
15253
28469
1931
22106
64899
38631
6713
62890
12879
13396
63978
63856
38939
22002
51552
42020
58571
44398
48914
45642
7632
35758
9519
49019
5499
63620
39831
15290
49612
7966
34766
65443
38046
18505
49686
25594
61780
59166
10687
34733
468
65043
54165
29611
35409
53420
62676
35176
50366
9256
23497
12471
42642
16908
31523
8681
12008
20843
13873
52104
43796
27195
900
29922
43030
39795
25763
43191
43925
69
8853
12865
64465
10686
52911
32629
25956
61994
9341
42364
50087
48849
7673
62084
25149
32671
51529
20005
65322
13075
39571
52375
63217
4762
2050
15285
15863
10899
8988
11318
24245
22669
9974
64452
21648
24595
6091
33095
23351
25208
40944
9339
22907
13219
57560
32366
30343
17673
53461
21853
57099
34967
59435
6912
47982
1079
52071
2640
30172
33031
13546
62415
19671
2708
49782
60204
38093
54314
30098
45701
33834
13870
13451
14191
41545
46418
63461
39889
7888
21677
27389
40903
11630
47325
26595
57053
32255
8524
27853
6038
28735
28528
47078
2541
708
16854
59756
42022
40005
64651
23131
60907
26107
32259
30545
12400
24769
28524
26660
56101
9316
36586
29658
54556
43256
34651
38515
8028
58156
49614
1735
41675
21646
42678
576
35104
65090
64752
23039
12802
39064
53865
34494
35516
13732
59315
50797
13668
43265
54061
13807
1983
37806
26374
32575
39851
16032
25793
17896
25037
64447
2851
42607
38373
48714
54736
24556
19719
24629
42797
57849
61451
51611
21232
36283
34338
47578
18905
7668
57197
65276
34128
49925
54602
47486
51541
1542
23793
8306
50948
8901
59056
43276
25123
17419
62248
39388
494
38562
17219
29264
8878
53122
8340
35840
36379
39026
1072
35409
57370
56506
12475
12360
37946
62867
42390
40535
63792
59348
65419
54019
57398
34930
7134
42574
30715
35733
1400
49647
5316
52735
45304
51725
59833
39728
26241
64430
22444
62719
64365
31542
60946
65480
18882
63417
5862
57367
27963
57100
14683
10091
36028
26745
57937
10767
15241
52785
53620
17403
45874
6552
10983
25025
11532
44412
65131
7511
34982
37239
23006
30688
40564
10474
59230
38767
36137
5989
47357
38093
30672
56158
54907
5100
59064
9183
8607
44403
11115
843
44597
7770
29609
21228
60045
59331
25788
62881
38656
62012
43231
46785
26484
56549
26955
61610
57423
15158
13274
14680
46002
32034
25770
11210
31053
45434
18030
45211
30439
60439
56903
1072
48705
57394
47535
19601
58221
43041
3735
428
28100
56268
35842
51623
52401
56275
33025
8569
64987
10968
32290
20751
53031
2815
3493
16532
34558
5965
58954
22316
45649
44031
62132
25843
39169
3094
19252
34770
281
38663
39237
51691
46070
44603
56645
38967
60514
31433
23019
22336
15022
14727
64109
9199
37649
38017
13551
26074
8669
44366
60665
11405
36827
11430
60041
10680
15751
10641
13552
37323
11372
364
4196
12973
59228
20371
19361
54883
65084
57228
28361
63607
21614
18570
17510
1124
51183
41604
56247
22896
2822
20177
52637
6616
276
223
3560
57788
48167
46802
36061
36053
27269
60536
48625
6419
36965
40860
63579
63864
64153
50647
28232
25515
11629
60645
11658
702
32568
5106
14692
40278
53867
35565
56080
50693
60443
10480
9941
22501
5127
34898
25292
16195
10881
47110
13125
45326
55625
21098
64939
54551
32099
27638
54254
14200
34116
13257
39901
22211
13970
53798
55262
26351
19094
27339
24276
36927
38722
8968
31260
9055
20418
63797
36788
10119
31675
17332
17813
41398
56182
15837
59286
65473
41880
47231
6227
42698
645
39216
25566
41356
5686
40549
2948
15254
34977
6173
55349
18702
18090
36688
14359
34216
59143
34683
30635
5871
28492
50295
52909
31439
63231
16998
15478
40717
4138
40331
36107
58455
54804
42747
21869
31148
146
9445
52132
18838
22388
40696
49961
15186
57600
16913
64012
24354
61165
19748
8055
16735
63229
22192
54627
10100
37968
31632
29143
1865
19535
28129
35904
51083
55945
31259
50590
48168
38534
27487
35705
3294
12356
38378
22541
39485
65152
41735
35310
49360
10054
28145
152
33089
49431
22409
25221
26804
48458
27101
33359
28997
7552
9527
4207
34502
47437
20318
49657
21276
51180
35425
16214
29241
45395
55652
6056
34077
23788
7196
14655
32567
13088
21869
24500
50013
11769
4893
56013
4432
52856
29117
20347
60242
50086
62427
30265
4935
15368
52776
1284
34298
52628
28646
35111
7387
45026
2824
21742
26023
51875
16796
25826
43438
29006
13044
10992
20432
52055
14680
6758
18303
9894
52601
60040
29430
9289
9726
58315
17383
33448
21277
41908
11242
38756
53845
9273
23490
18998
2409
54242
49020
9330
64266
36685
40545
20426
20298
58751
25289
2340
58011
53929
22312
46401
63146
17151
43049
22148
18502
16932
52726
13179
3499
19650
2772
7707
59865
63472
40602
51711
32042
54763
29043
6168
46496
40469
11638
16940
30753
54709
52409
40061
24796
10710
21771
13188
20842
31413
27727
13366
31772
6276
48338
44086
3043
13685
2870
36625
19067
65507
34775
662
40073
7198
3864
51310
50345
54359
47740
44525
6050
34215
28220
2712
40507
56169
30242
18972
8437
21157
26359
13738
62840
11931
62756
46344
60153
14142
11157
16605
25606
18274
7093
43526
63233
57392
57627
4425
50824
62312
16802
47906
40939
32049
60593
36104
24579
36479
11570
51797
53608
49349
60519
534
61998
13529
29111
18769
7615
21068
36920
38376
55720
51988
21912
193
39599
107
48764
31348
32196
7045
27869
63279
59692
10201
16919
21157
47064
7931
46530
64269
28119
2025
42265
38257
55584
31697
26251
54374
10198
35458
1786
20695
33821
27922
44836
2546
33326
55726
837
39860
59016
57934
10637
45702
29999
37192
57764
20317
39647
50983
31362
65506
63813
3962
38909
31834
40878
10162
60238
61546
29760
17092
1608
51014
40848
32378
18390
29633
13400
12934
43768
50592
55587
65411
24238
1515
3692
58905
20256
60736
16877
9302
19261
48847
9733
53003
29101
9698
16798
23538
11057
18057
19118
17138
10925
16612
10471
40670
25811
39337
63032
63001
57984
41112
43679
59460
24747
22211
8343
30048
44323
31269
33007
62163
57325
3366
51693
12027
14615
61006
525
9111
40753
64404
25976
28107
56509
53496
21114
8860
51463
36670
48465
22541
18308
22010
25685
30415
32204
15714
39139
5854
11815
39539
11646
30906
50957
60247
45503
7931
509
2849
32589
33384
29691
58618
25448
63090
27275
11783
2897
11950
6547
6250
57100
61821
31894
30122
39237
52363
18126
10171
6887
51163
1369
39887
53081
16292
38587
55806
39258
3571
31680
25263
408
61405
64305
46425
34205
12829
1051
25011
19254
65279
197
62978
58086
46129
10699
59772
45342
54693
19543
4526
36809
45100
13948
57128
40732
60558
24347
9724
24147
47533
60829
55007
56006
56939
56959
35304
7442
48462
35720
54815
53928
54687
16737
7795
61631
9248
33373
22728
23045
65045
12425
18079
3335
44579
51662
57736
57001
49136
44531
3596
45636
41576
1248
2291
11402
6892
16962
13206
63922
32776
29911
1537
48967
17482
33509
31449
30622
50729
29883
58155
59784
61947
38666
43990
45216
27821
23481
23585
24902
4736
9173
12292
42227
58531
18868
18826
34359
12678
33947
6339
30580
57399
41285
36278
33793
56840
57022
9380
47030
61832
26226
53768
9139
42202
46398
14142
44844
19503
14277
54701
43369
9050
8024
5442
56108
13492
49614
38487
59811
25312
26177
14114
60010
25470
41771
20177
49238
41360
57287
56535
30526
23767
12465
22982
40900
7176
2279
64687
46232
13179
3101
39263
26036
49967
30474
39071
35053
58189
21802
5950
38183
44599
46090
31315
44929
46517
7276
12240
36068
7889
34257
12474
8983
7234
26852
32145
13618
15913
51701
1545
51839
58704
59577
47772
32072
58454
641
31174
50092
60721
15491
3341
61308
63904
43697
25675
1023
12173
58682
4219
41977
37681
3235
64366
23624
22563
21165
47714
34778
60367
42236
10036
21409
20871
1468
10262
9821
37893
39859
14079
43514
11049
32151
9980
65434
9241
14385
8898
370
9522
6822
14969
65298
6789
45760
16727
52940
27738
13670
57760
43526
57424
19414
26404
7408
50290
64512
44208
45852
22966
57356
63185
39108
14001
28594
5805
60921
8404
27909
38336
64871
63172
40042
13084
46678
58599
6946
65140
25430
18525
44357
75
23348
34068
42850
20675
20210
2223
8384
23242
38458
52734
62437
17982
34797
14426
59653
19801
24771
46162
18936
61416
4277
27448
43303
11287
12284
59769
1474
10922
18869
21860
38011
44984
25445
60726
5979
10016
14535
49491
29892
176
52070
29206
41881
6437
14424
20304
38168
3958
56259
15726
55735
33476
38790
62259
44549
8416
14972
622
219
4912
62683
34984
50695
31811
8918
24122
61828
17129
61444
15160
38639
48521
32224
38597
1339
19516
38707
39565
56135
10096
21944
42747
65529
62220
41778
62787
55320
22723
61999
36519
56404
52410
49031
24883
22397
37387
21548
57970
52935
30550
9090
29210
63707
41522
39276
61916
46393
59385
3898
47850
2010
7449
46213
31126
33266
11156
8130
53099
38430
58376
22564
3543
5500
49725
46089
27906
27309
22359
53104
32228
6525
15095
63259
40296
53246
3276
36396
25591
64135
18833
46211
38105
51823
64796
44377
45983
33864
20699
56957
36357
32758
50869
46722
37806
46341
5218
55733
12909
15753
32087
3991
26316
60675
60171
52419
31239
21180
44609
7013
28176
20421
49270
50437
17359
7537
53383
40952
15204
3934
3867
19101
5283
5341
48488
5315
35374
7169
50415
64076
9324
25370
51629
58618
36892
30039
59564
1603
39594
24244
5190
40410
1342
1617
11804
55797
41226
5481
44390
61058
30793
58293
24993
6569
35551
47523
34386
5310
1658
33772
63040
15449
17486
5620
34074
32592
1378
52259
35199
47177
51873
57545
1622
5267
38239
22455
38372
34070
52750
50100
13712
55691
43137
57350
710
44629
42877
21551
64571
3250
28187
64100
10114
7732
60409
36859
10354
45492
38008
9022
7645
5458
61854
34905
52164
62663
28039
35026
4240
25400
704
21718
51849
10083
60005
45666
6784
26654
12093
12142
55825
33670
20718
4942
10861
30447
21295
12841
3374
57056
12863
57876
7828
29482
6556
36561
23917
37143
27609
62627
42808
22634
3523
33685
31160
27331
3932
45413
60465
47174
47342
12363
52276
59071
3575
2496
51951
34260
55532
12249
27951
60284
13629
7153
10913
41130
17539
3582
6203
16000
10403
47830
2493
11913
40904
11648
35843
24402
32457
42106
16607
46098
59968
35526
62029
30132
64462
5923
236
10439
36394
36159
48248
33459
41104
25837
53690
10498
22972
13392
65182
31441
36748
5806
15046
43012
44463
61719
53070
10359
29506
60326
14477
21573
3009
61188
46695
30553
39701
57554
59870
61573
5121
56179
49162
20456
7036
5648
12889
48352
344
43865
17798
57739
18379
41205
49448
13807
39536
36876
37129
49682
26317
62811
20977
41735
65048
43848
53919
49019
62419
16417
39895
39504
59654
36170
40235
3726
48952
33535
2525
21180
5446
39713
56178
28694
57778
61550
33822
8090
31031
28200
13332
4977
64430
46805
5425
11245
28100
14305
8446
4747
42171
54318
23282
27193
23949
15606
56544
58574
7801
59846
53187
48891
8634
62576
30589
41790
48980
18771
27122
37269
38033
47478
59097
60434
55378
22363
28267
60370
53080
13254
21881
49069
33325
15656
26188
53827
24573
8351
47466
49926
63922
11334
57824
17117
18437
13021
58279
17564
36535
21263
28955
44566
65315
19661
32792
48446
30137
29843
29255
10958
22383
13785
6638
49294
4318
32080
20401
47012
21015
48632
13796
32786
58208
833
19552
53559
16216
50706
24541
5729
46925
53828
57624
41555
54581
25091
64585
42953
45662
1837
31202
10729
51267
45153
61918
39503
44793
3311
61768
62003
11530
46467
63615
5677
20235
31744
54949
64505
62956
49975
23413
51662
109
3130
54680
4685
7005
16862
4662
32657
3654
19632
23138
47791
54272
36656
64294
30979
22183
1334
6879
1275
62768
65519
63665
9950
50437
15317
41768
8886
58432
48182
17059
58668
10245
41167
30883
43154
62009
30211
50117
20243
22242
13684
61802
62668
14795
9235
60814
16159
17788
54619
6364
119
63303
21654
58317
19314
6152
13238
29052
24553
22763
16816
28064
56213
7435
2186
25713
60337
4364
38519
44825
59777
10298
2446
6551
34845
10195
43550
61863
19995
43937
5401
15816
29206
52018
57835
28667
64958
16384
14662
55539
51089
7286
44509
20091
49864
29806
55109
38703
63082
50890
16407
60513
54772
14350
56892
20551
24563
44568
20470
46532
1041
17000
20788
63784
30555
14574
44100
2247
15977
21054
16037
27162
50647
35224
45223
60865
16082
3283
26259
57876
56865
22239
37223
15960
16683
39405
58357
55212
19328
63197
53528
30554
96
23997
23896
49975
14631
46182
5569
53808
11529
54105
10882
28325
8218
54035
15425
20470
58454
62164
14072
27589
19530
4336
36959
24002
19270
42855
41261
28574
46616
34734
24503
23694
55039
18549
30934
337
17570
12479
22893
24704
15654
22909
31089
38122
48020
64894
43791
58461
1876
31116
15441
16412
31315
10155
20438
49409
31237
30459
27068
47985
14928
49922
45907
8558
16223
57682
16350
51511
19379
38612
38934
50743
15664
21344
41924
33900
33431
6949
53638
46063
20629
38886
1005
59459
12878
48463
1932
56577
12113
17849
52408
63379
16552
40946
6503
48575
15498
4148
12019
27768
7204
40220
20548
34005
22131
42586
37670
60338
3280
54008
23679
57400
23569
4851
49369
60537
11384
56315
10379
60745
29386
38792
12466
33204
39318
59932
56023
31136
47193
30312
44335
17300
56437
13501
47590
608
28912
32743
58389
2512
13024
52792
57205
17197
24927
9103
5493
60833
59792
32580
64344
55118
8391
56008
42380
3296
1414
60609
49139
50725
44483
11279
55841
51395
22470
55308
24001
35113
59202
30354
7283
26944
49418
64708
36136
54095
32711
8118
12403
46547
34809
51367
37220
33601
44145
15437
10916
57260
13599
42232
60453
10670
54894
29960
12919
1734
46139
63426
6630
20547
33628
29632
9783
47331
52741
978
7747
27188
9213
58527
33240
56625
31668
14947
440
6268
5221
24134
51222
56304
64818
36380
43108
48618
104
52853
8063
53734
47892
10555
12306
63229
10566
64840
39101
46584
39095
8400
6969
54372
28462
48359
64148
39356
10637
2589
42170
57982
51582
26440
37918
19997
20108
11405
36972
38377
9144
29084
27568
64052
41567
12177
1868
7731
42743
31820
59462
300
28366
24050
11985
2830
17566
3474
41733
63599
8258
35459
55953
55864
11334
27644
43805
21749
55936
55869
56809
49334
50466
7954
58530
34939
13290
15132
62247
51290
3512
53356
59697
64895
57140
64071
50558
25299
43270
16223
53183
11964
25080
44217
27181
31174
52874
32590
15771
52924
24834
60101
56889
50815
45951
3644
20246
46695
19586
50263
39585
11440
29445
12910
8588
28849
55796
18067
38751
23661
12616
45941
28076
33953
46914
45595
24297
26725
11704
31874
33246
48022
33527
57169
35052
34788
63097
21864
27331
14774
11498
44210
28870
30179
64017
10568
35965
58606
8016
5124
41696
49776
48274
39354
3997
62968
59283
4991
11202
3501
27910
18397
57414
28385
63608
53212
51740
2857
5469
22460
49673
57773
64543
2098
10146
51960
596
15225
49622
46764
39500
5767
29621
37639
6440
48501
28708
46580
17650
6183
54954
46779
28684
42617
38107
49291
55297
51291
394
6939
12371
60675
20852
58393
65086
43040
27136
47971
56483
47321
48331
10455
60049
37390
31914
34591
14886
62035
47740
20735
18769
31257
39418
64347
5956
48764
33525
22524
62647
11529
4220
7237
54093
35277
61586
47702
27703
36043
53433
27218
39465
45548
58119
64910
4847
4564
51425
32191
33422
42952
5973
60667
48495
12426
35548
44081
9894
1406
63916
17784
24233
61134
60856
48744
65368
9514
15028
53000
7134
38849
20505
7886
32091
2147
2441
23557
44454
22874
29981
24092
65148
14413
38976
37892
60802
4696
12743
46049
3010
52459
45148
47823
42962
51857
33033
14184
64627
61859
51746
21672
53297
28010
6024
45826
58277
24327
42240
7987
20799
6051
48816
45361
27428
13983
1559
44418
18106
7549
29177
32918
53918
1693
11520
30329
17943
46323
63089
14124
22493
43555
61271
131
27853
40104
20000
46252
35978
9758
21621
50889
18130
39819
23545
29954
8688
5488
35059
24274
10813
58575
26983
31581
26432
42060
16512
22708
50644
3786
44538
31308
58208
41417
40494
12633
55370
16978
4498
31418
9993
16191
64113
54156
38133
36171
59309
5394
4281
53184
43688
45467
33045
59359
12646
6515
5984
44376
34946
60561
49524
14549
27037
31021
36227
39297
54837
52492
55764
29536
15195
44531
46943
46913
15527
59001
35384
46419
13865
26547
31328
52843
36982
30995
25615
47995
13585
12935
22267
7254
13377
44139
38528
60232
33022
23397
22064
28197
39428
12213
59968
26346
26968
27636
21448
5009
34953
28391
13892
30833
6398
34043
43401
63778
63049
27373
58868
63378
29105
46199
29677
7954
19036
33982
15760
50575
13910
16108
29713
14363
19311
5583
25931
20313
34091
29341
2533
54582
21138
49888
53250
26989
20473
4815
12465
48066
31190
65078
58130
26148
10647
7179
45260
55778
54706
27662
38691
13397
21913
32099
26957
34209
40455
59084
32782
6914
21174
14471
13207
51859
17637
18523
1562
52753
54128
58379
40745
57654
38600
44972
5551
63761
20944
31225
28940
39897
47084
55727
56282
7307
25499
822
8827
8401
57615
22239
15298
35657
38712
2646
23399
59872
32444
61657
5432
47485
4060
9594
882
8763
15550
44205
46566
35614
40046
25188
55559
12177
56231
56241
50088
26813
14445
11869
7099
64505
24448
18933
5001
23338
3208
20935
11570
14815
8666
13334
20093
28414
11851
33790
39472
44194
13216
48963
54287
14266
55214
53136
50470
45124
12340
28705
14788
28049
65475
55808
22452
9559
17591
11458
58622
33893
35402
51523
61602
55502
41305
55872
34620
65209
35760
13285
13503
31541
63440
11015
5948
19460
65426
55630
30344
2065
45828
47101
11499
28688
53295
8059
3196
59382
8292
27507
28675
37480
51077
28778
10256
1368
57852
42049
64612
21186
35719
54964
7529
48654
12152
212
27611
63453
11272
24597
57131
42647
47457
40309
12161
19835
3041
5926
64952
59660
47256
7691
35593
9925
1767
64585
14453
57844
47742
62454
59367
59529
59240
56388
53752
8258
59501
113
6908
19692
49251
53993
40717
12539
6995
29625
25138
40098
1965
17017
20815
42578
46366
62373
32124
38238
7566
33430
47896
47875
25222
24586
36278
16207
32410
18833
37914
16576
41688
14001
59745
40149
24962
29577
22013
23051
61571
17998
11056
16696
3623
28786
37303
46501
60692
56047
50518
43178
28587
6357
57038
14757
2509
56996
9434
432
42197
60283
34566
2735
49813
20311
34691
57089
20086
28208
18963
27887
36737
15321
12102
15702
39280
37204
23975
2611
45796
53362
56851
54097
16458
43004
61261
19005
40261
47934
23006
46833
13661
27266
23779
16495
42171
54735
30795
21217
47103
44858
39332
18917
56028
23336
60506
30290
64713
50221
57634
13151
36911
60608
47085
28944
8502
749
40519
34100
43887
42490
20943
7065
44066
43679
53755
41821
9333
28797
21993
53114
48643
10538
64745
5083
36635
24136
10402
6414
10017
10979
47644
40123
46243
6659
29868
54474
62913
31044
12767
5803
34119
42248
56038
36846
24494
32471
54590
19378
59155
56905
5956
22402
29022
34354
30838
61072
63066
15439
28524
8467
18421
46207
41612
19528
12667
47325
15974
33195
64627
53685
26193
39262
59388
39244
1550
36676
60671
42692
38319
40385
2929
54863
48720
40434
59573
56149
16794
5637
34839
3211
34231
49970
22667
56927
56482
63607
57471
12149
29288
22010
61626
8242
4601
18043
4199
3462
15089
31734
65219
50589
38383
190
5924
27709
53965
30699
23085
16556
15601
61171
47867
2440
10169
3065
27679
4718
25336
55397
49940
64780
28435
1950
38494
14940
5642
52826
39135
44606
33887
6984
6699
3083
47096
33599
55448
59909
17571
11736
50548
15721
27130
11765
58124
12086
5541
6688
6381
43800
38455
29900
221
14885
52151
3065
35445
63945
273
29730
63630
64744
20719
4928
38970
14759
65028
17585
65269
5301
19519
46605
45524
55287
47680
13259
31053
49066
17603
19694
42551
23652
15395
53494
26813
11137
12992
18639
9383
24493
48084
32181
107
50151
61537
14901
52997
51267
58387
49467
23989
15175
41473
38144
9573
5570
59736
57046
8169
28535
61045
52116
30292
32635
1150
6440
57241
40794
13145
27484
60296
4944
31875
1060
58471
61970
6038
31737
48469
59877
400
63722
17730
32042
26230
52136
35233
51865
15384
2450
64776
63143
16927
49167
11669
42695
48616
32520
53543
314
54670
28414
28045
3762
10831
40470
12141
5100
14334
25935
18459
39733
63903
49245
14057
34507
52162
58920
24784
19026
36370
34029
55022
33000
41900
49027
41913
50011
44213
7552
8242
52595
53115
31165
42749
4187
38699
12023
3696
61804
16938
4497
56829
24438
9721
55800
15388
16419
1299
47871
54522
61690
59342
16545
28581
4521
20683
48206
17844
23490
13672
58378
34071
36246
29193
20850
48591
52751
33182
31352
23252
13345
18563
43986
59006
27874
10274
50016
46432
64181
45057
44572
29036
17883
1636
16539
56951
15930
21702
8852
43362
32916
39690
25469
13121
11020
7304
59207
45293
6402
57081
61022
64010
45191
16488
23794
34649
29089
3519
56132
64760
44031
20713
54743
37770
26474
42866
60051
47057
51397
1070
5080
27233
4251
7886
8737
57855
64922
14998
58291
35640
16180
22595
53246
24313
22323
42715
63467
20664
49694
48117
40301
17776
4874
37652
54881
48339
16886
52426
6546
19663
29713
59080
18844
50752
59481
19313
8219
56442
60541
48042
42968
48555
58023
6810
759
47931
33953
53865
42566
54424
52026
27690
10220
30733
41293
33209
31756
39701
36337
55397
31603
31265
15941
53309
55868
16198
37179
53684
51167
47400
6259
35405
17557
12893
25888
40119
13245
4254
59092
41175
16080
47161
9260
37433
37768
41186
59353
952
29881
54628
6945
55499
60323
31317
2166
48097
60846
11640
5926
52636
51523
10864
23122
7947
33307
29102
57211
33940
62085
30999
38349
44231
57111
147
25690
23171
4506
15844
38622
13687
22169
40731
53736
38195
44185
59587
7237
16927
16888
13531
50939
35970
17618
58414
53970
33115
17153
53003
18425
985
16314
39729
34481
36758
24868
48326
39928
7085
62631
42259
38678
1384
5495
7438
12311
64468
32855
51539
54452
40061
44499
81
33137
1890
29818
10258
40217
13691
41400
16506
40467
43119
41084
3912
18543
46758
26234
61295
58234
13777
21066
31053
54340
41413
60852
53744
55117
24440
6872
58373
18281
28428
50592
45782
43862
11646
41809
21452
45009
54541
53854
63522
47445
30248
20991
22144
19127
47362
56607
53139
63183
29836
42744
35082
37052
45580
29015
1249
54783
63783
50258
8964
58086
6861
52924
53803
22800
58966
58499
14286
23649
58563
40355
4050
27276
16311
52671
45865
48439
22325
34641
32226
38369
26828
26589
31102
15142
32801
24768
64852
14464
45171
37496
48764
33254
47206
46015
21141
5873
7830
781
12071
8378
8099
59592
49231
58574
34995
2405
25689
20441
30544
41504
10574
9826
65297
52437
11794
42349
32248
30936
37597
40555
51206
42892
27436
34113
31178
64960
51417
32316
7556
6492
23668
33931
28337
17015
55845
33416
16369
46175
60035
53829
62473
37594
1847
23421
7516
41394
57677
38120
40331
37250
32206
31824
60627
37776
37959
22772
18912
26541
15746
54202
39437
35903
5473
36465
14543
26323
14164
41860
30113
49390
7663
53506
7708
53758
58431
38389
32991
39547
8686
51644
55117
17845
36322
32694
15178
7200
58408
3499
55963
863
20603
35033
51009
26079
29418
4297
59763
10142
47607
45447
2011
54057
6706
9569
54766
46594
14843
6775
34695
34888
49502
53259
428
46132
21361
31834
12052
47598
11682
15436
18054
21820
14951
7270
7611
56312
29626
5829
57347
12207
17567
2795
52061
45387
43654
10260
32394
2109
41992
24476
49469
11835
7249
50776
20133
14541
60913
5690
64657
60773
6611
60372
16971
22739
45965
16841
18549
22485
49543
8941
13279
48522
51096
17841
5997
61492
49276
14238
26405
57378
15035
63904
59286
18902
14225
26752
27120
58340
55536
502
13428
52799
43896
47276
62394
25781
53586
8198
45287
16006
48117
635
28175
34048
4694
6863
51153
44027
12484
54320
12215
30499
49312
26836
34940
4287
45538
1316
52650
62350
10128
61808
28463
2185
49556
33499
2290
26671
52298
4302
62063
51165
37598
37387
53195
58167
27285
61610
50738
27209
50939
54188
20045
52815
24278
15680
48052
40446
46774
38919
46383
36669
17288
1905
27851
47940
54958
44963
15381
44301
2544
8401
54564
38606
3378
36343
60135
13444
24651
5739
10075
57535
49678
41809
43955
27369
2116
20783
21230
3206
28228
30494
12756
44523
23371
33849
17814
19024
9338
63495
52692
63411
2390
58223
20974
16426
1883
37886
48847
6690
25810
20467
26771
43407
3981
56842
46961
50293
61830
43993
21619
23555
15691
48693
5887
60527
4724
32529
57919
31559
5341
7942
60716
37388
61127
60257
21457
56744
7829
64230
62945
16242
4699
46426
34774
32877
54537
46635
41323
40116
27878
53109
64808
10349
56226
29666
44000
32734
31440
36406
40852
17982
35304
46294
12795
50451
24670
49926
63158
28804
18860
38010
15288
59231
5054
50880
41558
62253
34359
53922
30157
54671
5933
60304
56085
28410
11564
50704
10919
2403
16314
54807
24092
32318
62355
27274
53988
63901
2717
44558
26325
34857
8452
58419
52673
16527
24247
24833
25332
54200
6505
8886
52407
5068
13428
57675
25155
13220
46488
65153
14204
55309
45021
30268
50969
40255
63035
2633
63358
18926
64240
14526
55415
58202
29240
43970
21731
62913
42960
28424
41217
51794
61025
6533
2879
55763
15815
25127
4103
36151
11938
32914
9877
64690
8798
16088
25340
29794
57297
2155
38313
61132
2578
38558
57641
58531
18393
43052
42110
16939
8763
13555
7545
57164
6143
23531
35918
44067
35562
9642
61312
36816
3414
32522
61315
51058
20349
16157
2461
55376
28694
16317
59273
64217
953
16123
50499
34467
61055
24477
23942
63808
60869
56562
57836
3166
29957
50402
42623
4483
53988
16902
18020
43670
3547
39450
38228
56565
60211
52415
41760
56853
61897
36154
49640
40905
34655
57535
43715
9619
38917
60786
16750
13821
16496
15466
4974
25896
47874
4669
65372
63514
6210
48380
51905
13489
56575
36347
23200
2818
55357
40881
35746
27141
52303
18686
53527
49825
40726
44939
1017
18435
727
44553
18984
41138
44136
46341
4929
2796
17294
61430
65097
36224
58697
52903
58345
949
40028
19459
36564
11987
48769
27815
31480
2532
41323
40517
1094
42579
62527
30963
18555
45127
15416
12038
29340
57311
50650
32862
17785
3058
11320
42903
46918
20440
14974
42362
52140
43514
16684
62062
20593
55864
44034
52163
19547
33302
9287
57836
23905
34384
23963
20852
30590
16252
31740
56590
23780
57430
2137
28268
60187
10832
1760
1192
48172
43237
45390
64944
23694
25679
7692
5657
25271
38057
62811
24706
11365
6468
39896
37886
38151
30111
62276
24551
34695
54247
11596
2479
22039
60977
59717
55897
44321
53283
25467
16833
4419
49124
34287
40720
276
38108
61336
53213
25364
11722
21253
32215
49464
40934
54823
23199
41276
51114
62043
62087
52329
13664
65070
11907
52402
48802
51692
54537
27826
1757
60415
48387
3870
45604
32526
461
7905
12472
24977
16167
61657
64497
42537
49527
39835
61150
1675
63210
1530
39264
31073
23985
55213
49338
11438
60493
24716
4449
38587
59679
28357
52312
56865
49314
50683
60907
44835
53509
42756
9907
21735
13010
26798
51790
54705
59869
51785
48193
41511
4174
36476
8094
26399
38277
9095
36003
51419
3788
53606
60377
348
40518
15614
51679
15550
45837
38271
33799
61550
12036
30780
26633
25820
46668
34974
31961
56806
37960
54379
16996
17092
23552
34043
38341
12384
58297
31652
22344
30203
42901
23561
16947
62323
26653
35135
28034
41471
31639
16405
45882
591
22220
52376
61571
42009
23496
22531
36307
47460
60235
62095
21763
31936
50009
49461
18545
16385
45877
10175
15640
12489
53004
49120
41807
25032
12518
16825
22419
63530
55935
8835
36440
7261
57113
24290
34931
40960
27219
13627
8734
17051
17633
15406
10181
24013
64096
44238
35545
63808
40991
5811
24869
34999
23070
28419
48636
59448
36421
62780
39357
37994
46158
51204
35309
44543
50807
65453
24027
28288
56829
14036
37337
37257
14732
1268
26494
19708
49987
19117
6491
29510
3784
50869
18705
4961
48162
58152
5661
1441
31321
54032
25299
20235
26517
60266
7059
46468
11584
43813
15137
53138
924
55966
34842
56873
60063
57403
49833
28676
22288
50844
38425
53026
32577
47294
20447
24769
14630
40875
20128
63444
16687
55096
257
11221
41555
7186
26466
52579
636
5274
8898
1901
16954
15390
24432
62101
60723
25400
21808
60383
29145
46444
51148
32554
46030
11287
53055
26674
44869
63792
43168
2289
24732
60231
25675
8664
9971
50519
30001
14009
3150
24625
1645
31279
26537
6530
21941
37585
13268
21563
51523
8349
7647
50064
2209
38672
45868
10635
29621
22213
52044
38936
33887
46407
63742
36451
24204
20985
45325
41018
43812
26535
1656
64818
24715
53510
36421
52166
37824
52285
61179
43554
4125
15020
61238
48058
44195
36671
16003
59022
31550
18004
25439
5140
53702
21652
22150
6032
31002
1159
19979
11500
41078
60332
18854
47875
43682
8334
43502
21663
15085
50485
62453
45268
1119
16797
11941
59288
7906
5991
52229
34705
60934
48216
29055
20517
17332
8401
38165
9042
31060
20694
12449
33345
64216
63904
14873
19201
57622
25755
8427
19911
64555
42293
24116
64258
36930
29820
44585
7906
26317
56201
36303
18659
48786
46909
53028
33989
56067
22155
31242
19177
43859
25277
18435
62919
31806
8664
21459
47505
27809
6617
6282
48540
5875
59045
39917
16507
55717
82
14548
15316
9632
14345
44112
46105
33216
1331
31566
60939
56132
17012
18026
49793
648
11926
34187
54339
7212
46725
62548
48138
41981
28793
55260
289
39091
48460
24221
15904
60516
32210
35809
31275
28011
16811
18256
7454
60785
41054
47636
32437
43621
22460
26577
55711
17506
42658
44023
17889
6374
38064
55165
12338
50543
14845
47640
38605
3548
6269
10129
27784
49486
51746
57822
11737
17336
28498
58692
33356
52355
8458
9925
32593
21612
16886
38117
54022
15602
41145
49800
43409
4253
57915
21641
43598
26445
22000
28043
60121
45926
8355
41705
12791
62045
24227
61504
48540
12995
15065
42763
45394
24211
3909
58139
51088
37994
16284
57907
44993
17815
30687
26515
18464
16195
46914
27601
64076
17194
8876
51779
63574
58932
37751
19934
52571
50026
39283
40482
50974
28649
10436
30394
22700
31085
48147
9209
39747
3647
5310
25378
30449
17306
55029
60621
27277
64984
59710
63234
52225
47455
39973
8245
38380
40517
2540
28681
63182
20438
30932
59468
62767
47942
27252
9037
36775
54159
65414
20316
30527
16524
7365
38579
28729
26865
40385
17808
10603
61229
62350
26521
11734
29877
12377
38053
21707
2649
22754
61601
19716
41912
33699
14066
10115
9177
62880
54343
40638
53410
62619
28013
27603
28992
19983
38173
45886
28294
3991
17610
34421
63506
7344
28382
60147
4101
18768
59060
39011
65157
5473
44753
2145
8630
59255
6974
12495
38438
27392
3903
33268
2323
54560
27688
21258
58051
57607
53407
46926
38061
29782
39681
44197
3377
56866
4232
38619
11054
45788
63166
42501
60069
7008
32066
46179
41483
17138
22930
58883
60145
24240
33443
41930
33425
44749
42449
54987
1513
29918
24665
62694
15728
33910
58415
62135
16262
49574
13408
4792
19730
44324
5070
57567
62565
41091
561
61445
54186
30961
9186
29088
59040
33424
52069
26332
15335
61993
37281
59748
44384
48831
36239
1710
5205
60464
38265
20301
7349
41117
40382
51214
15525
37347
46808
61742
54350
26792
57036
22464
11181
56540
21605
40491
817
24532
52365
22501
13246
62171
30639
57782
16167
14800
9988
16690
47279
7900
29996
5065
55660
19075
35805
5084
13539
18954
7014
18549
42490
55991
33120
48433
31267
29064
12509
53036
46651
41338
20401
38986
696
63510
30189
45470
58137
6152
63151
9063
263
41783
54394
64251
45460
50229
25646
13319
22050
28613
16603
53066
60121
15978
25576
17062
8771
37044
9822
18501
45169
3354
24443
56364
39659
6095
45701
52908
55457
34532
60360
53747
37666
63178
24560
46775
46879
21021
36272
43694
42664
4141
14105
30439
1066
24021
57563
49655
53610
11132
50634
7461
63586
23224
59952
49491
48002
40906
29030
22975
52335
38055
57563
42970
4447
63120
45305
38359
61279
22338
45626
57112
2369
47615
30300
3404
30949
58133
36897
12478
52461
11157
64640
32552
53166
40036
48736
27212
21503
15321
29718
2944
56687
41499
4168
25508
35691
60990
44153
35171
48601
24943
48708
35197
15787
59823
3303
48503
31198
25010
7431
14778
42159
40290
16777
2598
45844
46063
52185
50203
15622
48273
14340
48301
16294
34894
10419
24363
1844
31916
50287
26849
35776
36060
12749
4421
52283
64569
16649
58251
27113
47635
18033
47943
42187
13527
52391
55908
42826
20860
27286
3792
44805
2813
3086
21796
14216
58245
13893
13367
48874
16975
51197
11218
31983
63148
51010
44825
37329
19666
2169
63183
19530
10087
15302
6355
1196
54252
56370
60972
21560
47898
16760
48691
21439
30175
65119
38030
40385
33961
57657
28410
41372
55576
29567
14846
21996
58334
20175
21134
21074
53490
52322
12344
21152
46933
33346
45116
54397
51694
34154
53091
29673
63184
50482
58409
56956
54970
2331
64105
64570
55877
21932
9144
33351
52403
55045
17804
21669
13293
38620
29677
64160
43791
1499
17248
7081
29101
3800
47741
13655
7844
52235
2201
7567
20087
53003
10583
55908
59689
9320
33840
26789
5982
64940
13153
26249
55371
36699
49084
29464
58176
56312
48513
28564
48900
40037
53000
49783
56437
55307
36440
10901
52774
9697
41932
46491
37420
42446
26864
5180
16068
29590
44356
16663
60020
53800
13008
2935
62028
36359
44300
11394
56475
26870
38093
20300
27950
64973
64897
17197
63670
10579
28179
37890
9961
16263
48336
58327
54327
19672
40060
46579
24127
6712
44872
38858
37194
4194
50103
12878
18771
30380
59018
57949
50971
48103
44849
8253
33678
41054
21717
9970
59666
10240
28556
59474
4775
26600
45319
56999
15868
54647
61142
58856
23160
26273
34637
25360
843
51738
53069
9137
36721
24835
58646
20252
44722
49786
41112
28474
28587
27883
51128
27598
53428
8812
45449
14603
8844
42512
21280
60395
16840
24563
50993
12021
54867
51399
56618
16899
31511
15443
60493
25178
44539
12314
22609
50632
33355
5949
60691
43327
28410
23178
56859
23627
52043
60583
25722
57473
38361
56543
29357
37825
41997
22058
28686
61311
28911
18317
57323
25229
6061
1508
4782
22067
19774
53406
3511
63807
5987
5181
62488
35163
45947
40624
18643
39194
48595
13598
49885
59755
10625
5147
47588
10409
48580
15578
25000
28566
23480
57897
20696
60915
52125
25917
47519
33647
49076
4008
43702
12493
57275
63447
39632
5137
62214
45719
14269
61690
55484
8384
57358
40558
44224
19535
38093
41862
18243
31341
41043
57650
3955
20095
30620
49204
31130
37745
26609
23089
46076
6165
41711
43242
47507
52284
3521
43353
51045
22733
34328
19868
36216
49901
30907
52272
45427
11164
1686
14406
26571
42691
5011
6623
15113
49446
14031
6435
19157
10607
52754
43429
20059
23292
56047
31305
39904
38747
64688
18291
26510
11472
13514
27396
3645
22193
61856
21544
58641
42749
37357
12491
57642
10284
54242
47889
11754
56584
39963
43561
45627
17874
39499
39455
6516
40147
58919
54002
47107
40271
32274
40768
57542
9730
50598
57185
62275
24333
51287
24858
7924
25914
63420
30281
28692
27020
52517
18485
42517
28231
25493
27412
31643
1193
29793
64935
14892
54893
42533
30586
41671
63222
24800
18126
34314
40962
48889
8876
19460
54298
764
19736
8105
43093
41372
51340
45876
46326
58931
16504
22362
61000
60141
19296
38294
25786
26270
3382
55038
39539
52388
58992
14679
52180
53995
44011
27457
3351
37938
21204
55636
17422
16078
39821
50108
45874
26974
8636
59930
28011
29684
55154
53559
53767
23392
11507
22978
38566
23294
58175
54957
7190
47096
16102
17315
50653
47819
12171
56417
4913
23991
60279
52681
8397
64389
12293
8827
47039
53636
29588
48422
7466
1111
10173
13550
9991
30949
65525
18081
21769
58864
17018
15740
30883
5216
48960
27171
2546
52458
28156
63345
4645
5412
30663
41913
38951
109
35100
62931
59773
40704
52241
14967
33998
28002
10148
8026
11984
47398
23093
34702
42895
46440
55064
44577
42640
61741
48367
44525
7656
20671
31104
56335
11774
2324
7963
64308
33358
30415
12488
29602
11094
340
56126
46148
58648
50704
12865
49121
21133
34184
52747
51303
50232
18109
26692
22662
47725
39186
9060
60826
8649
58744
40965
22948
38018
57994
40147
19293
55104
42232
21630
39333
32585
823
14747
10918
44211
38401
48383
24932
53260
29020
33171
9907
20373
10197
3672
19660
34645
47875
60902
12008
64238
40318
63446
22168
29877
64620
8289
43592
56024
20807
10572
27917
13549
4820
36283
41969
33271
65321
8550
52687
6014
63822
30674
34955
25681
16651
33119
8930
60942
28760
35248
14273
11838
9018
29852
29228
27
45516
51030
5702
58314
62054
50774
45361
31826
44868
51742
49936
13957
64993
64900
3285
4868
64890
8740
59245
27574
27779
28259
28180
45233
53095
38561
9808
54720
7316
62238
44579
51363
58211
38919
61786
58312
27717
12143
56046
47764
54116
4192
46026
8457
37323
62920
39537
3535
4373
23817
42891
29540
4830
62032
23040
47527
30645
27054
45754
14318
34023
24131
50763
4879
47687
38829
46447
57088
6311
37256
21806
42480
53545
34885
8966
55868
36704
60584
51833
59731
8247
10399
1517
53983
12108
55241
17634
62351
25140
21778
26248
44635
38036
23834
59770
29768
23379
5087
18496
4039
21207
18782
53380
40469
42403
3191
50112
50556
38597
14599
52614
40841
12337
9456
43017
34317
14446
6685
28728
54319
3942
58138
61668
34140
24990
48487
31570
1811
29265
25891
64081
12196
9743
56082
51631
62040
44267
18565
6494
17888
33138
14963
4018
42660
35373
59264
8370
65214
61008
60243
58041
43965
35371
62262
1822
15997
60159
35412
10324
61689
55331
16805
12644
25731
7812
11636
3199
61902
63165
55958
13812
29068
31942
34179
46245
7297
46924
5015
29054
24835
31490
9040
9644
18323
44144
47403
11660
53991
30355
5890
1926
8755
53856
23290
52557
45960
63798
60476
46263
32908
43977
61308
53609
20753
20930
9103
46189
23306
8340
18302
47284
27330
7388
18018
14284
22662
43042
5774
46196
26150
59082
8691
44211
62818
41188
35241
58796
9456
29297
8799
4118
41321
4265
20448
52115
63107
57011
63115
3973
57449
13503
41964
6769
52346
35525
44314
58545
41627
3523
16647
30500
11844
48445
61334
3423
3327
22802
52067
39663
65501
48423
28253
17928
19322
11814
53123
35780
7252
17865
5151
27042
22902
41935
46230
37858
22175
5801
37257
18536
33180
48976
30724
20467
30447
25881
2429
8912
32458
2848
625
53190
26742
42367
20600
31334
42781
44240
40973
12079
20340
48667
45019
18490
30070
28313
28050
37323
52181
6156
21408
60274
16484
31068
8010
53358
35615
63972
22818
35593
56427
6924
44513
28236
18452
46471
27297
39069
12533
57555
10499
28157
48986
86
21124
54920
16585
33218
12051
49108
8182
58709
62610
1180
26883
46615
31554
58869
64531
15499
33561
34099
57328
56665
11032
43289
10405
19594
29928
41392
61327
15138
18037
34055
23813
64021
30680
47279
59889
32099
12879
14023
63475
55977
54451
53536
40687
21911
54123
24589
1986
43440
49583
19413
7460
38967
35430
37642
29448
65198
37375
33271
32333
26265
25416
11846
52285
63285
10745
30624
36693
36764
9803
4913
53299
45292
33970
15425
21142
4577
8016
15557
19366
36247
46582
36419
50168
49895
15427
3822
21859
41883
13481
58579
62807
30784
21826
12126
50560
59105
65080
56601
26206
36645
8447
6333
23708
60477
2752
15833
25139
34656
10385
3563
18505
56945
64132
29599
24005
53918
34441
15083
43159
42439
5711
55695
29646
9204
12670
55013
48865
29644
6075
34998
3330
45645
4027
53322
28699
370
4864
24690
32927
11074
38245
65209
41020
31285
18761
59728
47621
25838
64442
61198
7077
46818
11509
50604
56675
31508
23940
55902
51630
63698
21440
42256
24503
17146
42351
22558
6695
15191
18651
24214
17592
30799
54714
46987
21771
46835
16968
29505
6723
44817
10318
15712
27724
48339
9414
10042
27527
16234
32573
46736
47341
13067
51238
45816
13389
7280
42631
61465
22814
431
7639
4001
13101
14260
20991
44442
14853
2455
4714
47953
59014
31031
4130
61903
59592
62958
13662
32601
8776
28204
13589
9523
4962
17468
4623
21348
35708
686
58536
50540
11285
52709
39561
21556
46815
31114
4680
7745
4421
31971
40318
50575
65390
36243
16921
21605
15472
39508
29690
28978
8640
31426
5897
24835
47067
40624
29714
19749
39701
3096
30856
2780
43492
54200
45810
46619
23622
53617
35797
40790
22
12214
20386
12072
44371
9927
28287
20216
1562
55375
21845
192
34142
38229
33368
47378
49130
5227
16611
29939
27051
46923
61244
16442
20104
2679
49801
17439
22633
19642
28657
51011
3582
40676
20681
35596
65373
53573
4911
16958
63553
51298
40722
18631
38725
352
12183
3527
7102
58110
1381
54100
48013
59019
27320
49353
59102
49386
519
33950
8827
27522
28112
27767
28282
57446
12420
52378
1864
13892
12083
32063
18414
56677
27786
50728
6676
10329
50098
61419
17595
10327
22736
64647
5544
6695
26095
33089
50263
12269
16878
9077
46235
32352
55545
5188
42932
21639
12864
6432
1439
12089
18877
47441
60025
43953
38309
5548
6619
43781
48286
49015
18456
16104
39097
34532
11722
261
34161
57716
4017
20452
32721
43611
17857
7057
17937
19060
42566
14293
65312
65009
63932
47544
59850
63891
13041
42762
62565
11017
38177
36477
54592
44602
44801
26134
20582
45549
37213
2857
36416
62674
22247
43357
27544
42310
11503
36634
6549
25446
21856
28630
20023
21662
62368
47891
23689
14022
47175
3361
23460
29175
29462
54207
18071
55322
34187
23343
42461
57334
48040
6480
27981
8554
12085
38000
57348
34747
60932
54844
30745
5998
59605
41977
2481
40584
30511
18140
62389
9753
42402
61632
60282
12356
64313
27640
38856
64679
35509
52062
16614
8188
17426
52843
32698
56917
43211
16953
51043
42075
513
63268
16078
14762
62285
60920
26972
3859
23707
27239
25964
24362
62305
1909
49281
23932
49728
1765
36954
16937
31072
50916
35322
50223
61823
11047
63676
18885
41600
44161
41288
61192
52453
52722
56088
24449
42468
61110
7580
25023
24271
36918
48563
9735
33842
5900
54573
50861
33413
37213
55542
7981
46304
28012
18597
48828
10138
38722
30391
48053
35900
41473
32877
10803
46823
14828
12565
407
30001
50938
28018
55108
55624
59840
45366
10397
10571
10734
58106
36614
64238
542
43815
17812
37107
53735
29921
44844
61161
46861
47569
50614
19677
52293
58021
11335
31396
31418
25431
16742
16475
16454
11345
44885
33875
422
17496
22300
15439
15445
37913
46921
29546
44661
28846
23228
6688
38507
29097
53910
27951
1892
14150
59508
13318
11889
43712
48590
62631
36485
47202
41099
8675
35826
37001
18248
38046
47945
8086
22845
34768
49786
19492
15695
56830
20422
55483
47538
32955
50356
10646
38112
1607
65095
12926
55927
24645
44063
52785
4147
13243
7355
19850
12620
26518
49202
35100
353
18419
13012
4977
27155
34830
51333
12925
40157
31631
59119
49817
32798
59210
1717
32668
57687
39949
42561
26462
48255
24628
1916
23369
28689
2067
45274
3470
36262
37752
36887
65362
39642
35251
56766
57997
17175
56183
7966
22955
49968
6372
31647
52440
8633
49096
64180
15769
3604
24169
57309
39325
35324
8789
22075
51569
51204
15872
60196
41511
30901
60006
11157
54572
39816
52586
7841
2717
4074
21784
36132
21943
20888
46012
10706
45742
56188
38133
39524
64244
63983
45635
10762
6832
106
18886
14257
20909
38410
35688
12527
9560
62698
28922
44153
38407
11855
47100
15
757
24690
55330
18816
47281
49644
61490
54437
25184
7290
27488
38543
10791
48629
17901
19886
27879
31759
12938
16657
59667
30671
46591
63151
16535
3766
24177
18488
51985
16144
48454
53447
36534
7347
36094
58390
7839
28383
17005
13445
47915
58200
60570
14304
12621
62310
39963
47935
39650
4763
37203
8957
60663
40960
4929
31373
19515
1630
24980
30020
59518
41511
15747
32771
49132
2349
64446
18543
59701
62968
56574
20635
51516
60627
25159
58686
2062
33676
41371
23191
52252
12824
20429
16115
52080
51759
26514
22731
12565
43925
41811
57727
38974
852
13919
17024
32772
4628
59065
38954
2442
50048
2552
30816
56263
45752
23910
54268
23011
51455
33591
806
42428
55425
33454
48522
50028
64340
58097
6617
64474
6339
12416
52388
4622
60246
27105
55915
46349
47387
56816
14134
62552
31904
26765
50611
8151
18519
11328
53024
30350
64461
29344
59919
6892
65316
43966
55454
44716
21560
34058
26684
51363
30340
57444
49844
35846
316
34194
34723
37848
16240
49681
11785
19418
7571
20193
50118
64089
65397
5596
32518
62797
9295
40630
8929
64392
30991
39752
38056
32838
12688
54707
8641
60446
15526
15437
63119
40615
43015
46704
9269
41893
20539
36073
11361
51320
35767
43773
34080
34243
60498
56069
7369
49237
40426
33055
39636
45861
34959
6790
57579
41796
1400
29113
26277
23287
13169
11602
44017
58855
55800
10668
19818
34804
50400
21295
9826
23020
65372
22217
36384
22567
45366
24460
49915
5480
18777
39197
11005
28186
6623
2029
18459
6223
32937
62248
55364
9035
31033
11387
60245
11469
31220
48820
55160
63422
32275
8178
64972
872
24974
52804
42149
5996
45339
36343
7270
62725
48699
26818
18545
23375
20725
20932
38975
1208
60025
64953
5765
64269
1640
42420
3337
45512
49583
52275
40826
18910
17274
44833
644
41047
60116
7505
59788
55001
10533
27306
12197
15367
50660
6479
8311
33664
26722
5120
40250
6229
17388
35253
63733
13549
60600
23635
31904
34105
23770
35535
32274
51531
3807
29261
36294
13844
9340
11022
27407
48342
57770
62692
821
37882
4688
31495
17526
47442
21546
21194
22843
30967
61118
34779
9853
30455
44020
48461
40694
13819
59780
57533
21188
39017
13526
13154
49807
49083
62258
2136
45100
62930
65024
7855
46992
51162
51703
1730
59811
12150
17985
8602
19204
41251
48798
47432
9445
48288
44689
42320
49088
34096
6621
58051
23428
3028
48115
46488
9272
4723
63954
63805
9720
34089
21664
53756
3440
44240
19845
31297
53158
21229
63775
33788
17564
2263
19623
45911
29204
49002
47593
3693
14267
11183
23288
57837
14729
42302
7806
38326
16146
8278
52110
40427
6878
36685
54286
25889
63416
7331
13965
14674
29261
59699
21757
54366
42821
12549
37944
22121
2358
743
18036
60752
45553
42244
4154
47164
48160
34726
48683
6326
54205
7194
32007
5862
60496
34137
58428
5996
19433
23765
52887
48866
15360
40771
43703
59248
32215
27893
32913
49463
37874
47563
60754
36180
44603
32105
64601
10742
13898
52653
25187
45092
37246
16373
27995
37601
48654
48320
48101
63773
48414
58977
42466
60187
33491
41315
41735
23591
19709
1537
61967
24010
17377
20205
51140
53236
20205
62444
21725
39393
23593
64930
52881
57193
4419
60778
28448
689
19102
57196
64427
12973
31544
36413
15760
54670
1211
61763
63262
35464
49472
23423
13825
12235
48484
9701
56478
59645
44173
27267
10163
48158
12256
42181
6170
21161
1211
58193
21410
64548
29612
37502
33224
47720
23224
40258
5815
41874
20000
2576
1767
4240
28738
46337
48019
