10000
9999
9998
9998
9997
9997
9996
9995
9993
9990
9989
9988
9986
9986
9984
9983
9983
9983
9983
9981
9981
9978
9976
9974
9973
9970
9969
9969
9966
9966
9966
9964
9964
9963
9963
9963
9962
9962
9961
9961
9959
9957
9955
9955
9952
9950
9950
9949
9948
9947
9946
9946
9945
9944
9941
9938
9937
9934
9933
9931
9930
9930
9930
9925
9924
9923
9922
9921
9921
9921
9919
9916
9914
9914
9914
9913
9912
9911
9911
9909
9909
9908
9907
9907
9905
9903
9903
9902
9900
9899
9898
9896
9892
9891
9890
9890
9889
9888
9887
9887
9885
9884
9884
9883
9882
9878
9877
9876
9876
9875
9871
9870
9870
9868
9865
9863
9862
9855
9855
9851
9850
9849
9849
9848
9847
9846
9845
9844
9841
9837
9837
9836
9832
9832
9830
9828
9828
9828
9827
9827
9826
9824
9824
9821
9821
9818
9818
9816
9809
9805
9804
9802
9802
9794
9794
9793
9791
9790
9790
9789
9787
9785
9784
9784
9782
9777
9777
9775
9775
9774
9773
9773
9772
9769
9768
9766
9766
9766
9764
9764
9762
9757
9757
9755
9753
9751
9745
9744
9741
9740
9739
9735
9734
9733
9732
9730
9730
9730
9729
9727
9725
9721
9721
9717
9717
9716
9711
9711
9709
9708
9707
9707
9703
9703
9703
9702
9700
9697
9695
9694
9694
9694
9694
9692
9690
9689
9687
9686
9680
9680
9675
9675
9673
9672
9671
9671
9670
9669
9669
9667
9667
9667
9665
9662
9661
9661
9660
9657
9657
9654
9654
9652
9652
9649
9649
9649
9647
9644
9644
9642
9641
9640
9635
9633
9633
9632
9631
9631
9629
9629
9629
9628
9628
9628
9623
9623
9621
9620
9619
9619
9618
9617
9617
9616
9615
9611
9611
9610
9608
9608
9608
9607
9606
9602
9600
9599
9599
9598
9595
9594
9591
9591
9591
9589
9587
9581
9581
9580
9580
9579
9579
9577
9576
9576
9575
9575
9575
9574
9574
9573
9573
9571
9566
9565
9565
9565
9561
9560
9559
9558
9556
9553
9553
9551
9547
9547
9545
9545
9543
9542
9539
9538
9537
9536
9534
9534
9534
9534
9533
9532
9530
9530
9528
9528
9528
9527
9526
9524
9524
9523
9522
9521
9520
9518
9517
9517
9517
9516
9515
9512
9511
9508
9507
9507
9505
9502
9502
9502
9502
9500
9500
9499
9498
9498
9498
9498
9497
9496
9495
9493
9492
9492
9490
9489
9488
9488
9488
9487
9487
9486
9485
9484
9484
9480
9480
9479
9477
9477
9477
9475
9474
9474
9473
9472
9470
9469
9468
9466
9466
9465
9464
9464
9463
9460
9459
9459
9458
9457
9450
9449
9446
9446
9445
9444
9443
9441
9441
9439
9439
9438
9438
9436
9436
9436
9436
9434
9434
9434
9433
9432
9432
9432
9431
9431
9431
9430
9429
9427
9427
9425
9424
9423
9423
9422
9420
9420
9420
9419
9418
9418
9417
9417
9417
9416
9416
9413
9413
9411
9411
9410
9410
9408
9407
9406
9406
9404
9404
9398
9398
9397
9395
9391
9387
9385
9385
9383
9382
9381
9379
9379
9377
9372
9371
9369
9368
9364
9362
9361
9360
9359
9359
9359
9357
9355
9355
9352
9350
9347
9345
9345
9345
9344
9343
9339
9339
9337
9337
9336
9336
9335
9334
9333
9332
9331
9331
9330
9327
9323
9320
9319
9316
9315
9315
9314
9314
9314
9314
9313
9313
9313
9311
9310
9310
9307
9307
9307
9301
9300
9298
9297
9294
9293
9292
9292
9291
9290
9287
9286
9283
9281
9280
9279
9278
9277
9277
9277
9276
9274
9270
9270
9270
9269
9267
9266
9266
9265
9264
9264
9264
9263
9262
9262
9258
9257
9256
9255
9254
9253
9250
9247
9246
9246
9238
9238
9236
9235
9232
9227
9225
9224
9223
9220
9216
9215
9214
9214
9213
9211
9209
9208
9206
9205
9205
9205
9205
9203
9203
9202
9202
9202
9201
9200
9198
9195
9195
9194
9189
9187
9186
9184
9182
9175
9175
9171
9171
9170
9170
9168
9165
9164
9163
9162
9162
9161
9159
9158
9157
9156
9151
9151
9151
9145
9145
9143
9139
9139
9139
9139
9134
9134
9133
9133
9132
9132
9131
9131
9131
9131
9130
9130
9129
9128
9127
9127
9125
9123
9123
9121
9117
9117
9115
9113
9111
9110
9110
9109
9109
9108
9108
9106
9102
9102
9101
9101
9101
9101
9100
9100
9100
9099
9099
9097
9094
9094
9091
9090
9087
9086
9086
9085
9085
9084
9084
9083
9081
9079
9077
9077
9075
9074
9073
9070
9070
9069
9069
9068
9068
9068
9067
9067
9065
9065
9064
9063
9061
9060
9059
9058
9058
9057
9054
9054
9053
9052
9050
9050
9050
9047
9045
9044
9043
9041
9038
9038
9038
9038
9037
9036
9036
9035
9034
9033
9031
9030
9030
9026
9023
9021
9021
9018
9018
9017
9015
9014
9014
9014
9012
9009
9007
9004
9004
9003
9002
9001
9000
8999
8999
8999
8998
8997
8997
8995
8993
8991
8990
8990
8988
8987
8987
8982
8980
8980
8980
8980
8980
8979
8979
8978
8976
8974
8974
8973
8972
8972
8971
8971
8965
8965
8964
8964
8963
8963
8962
8959
8958
8956
8953
8952
8950
8950
8949
8948
8947
8942
8942
8937
8936
8934
8927
8927
8927
8925
8925
8925
8924
8923
8919
8917
8917
8916
8915
8914
8912
8911
8908
8905
8904
8903
8902
8902
8902
8901
8900
8899
8894
8889
8889
8887
8886
8886
8886
8884
8882
8879
8878
8878
8877
8877
8876
8874
8874
8873
8872
8870
8869
8868
8868
8867
8866
8866
8865
8863
8861
8858
8857
8854
8854
8853
8851
8851
8850
8849
8849
8848
8848
8847
8846
8846
8844
8841
8840
8840
8839
8837
8836
8836
8832
8832
8831
8831
8830
8829
8829
8828
8827
8824
8822
8822
8822
8822
8821
8820
8820
8819
8817
8817
8816
8816
8815
8813
8813
8813
8806
8803
8800
8798
8797
8797
8797
8796
8796
8795
8793
8792
8788
8787
8786
8786
8785
8777
8777
8774
8774
8774
8774
8773
8772
8772
8771
8769
8769
8769
8768
8768
8767
8766
8766
8766
8765
8764
8763
8762
8762
8761
8761
8760
8758
8758
8752
8752
8752
8751
8750
8750
8749
8749
8748
8747
8747
8742
8741
8741
8740
8738
8734
8734
8731
8730
8728
8728
8724
8723
8722
8722
8721
8720
8716
8716
8715
8715
8714
8713
8712
8710
8709
8709
8708
8706
8706
8703
8703
8702
8701
8701
8701
8700
8700
8700
8693
8693
8692
8691
8690
8690
8690
8688
8688
8687
8687
8685
8684
8684
8682
8682
8682
8681
8676
8672
8672
8671
8670
8670
8670
8670
8670
8669
8668
8667
8665
8664
8663
8662
8662
8662
8660
8660
8658
8655
8655
8653
8652
8649
8648
8648
8648
8646
8646
8645
8640
8640
8639
8639
8639
8637
8635
8635
8634
8634
8633
8630
8630
8628
8628
8627
8624
8624
8617
8616
8616
8616
8614
8614
8614
8612
8610
8610
8610
8610
8609
8607
8605
8605
8602
8601
8601
8601
8599
8599
8598
8596
8596
8596
8595
8594
8591
8587
8585
8585
8584
8581
8577
8577
8577
8576
8575
8575
8575
8574
8573
8572
8572
8572
8572
8571
8569
8564
8563
8563
8562
8559
8558
8557
8556
8556
8555
8554
8553
8552
8549
8548
8547
8547
8543
8540
8539
8537
8537
8537
8536
8536
8536
8532
8531
8530
8529
8528
8527
8526
8525
8524
8524
8524
8523
8522
8522
8521
8521
8520
8519
8518
8518
8518
8518
8516
8516
8514
8507
8506
8503
8503
8502
8502
8501
8500
8499
8498
8497
8496
8496
8496
8494
8493
8490
8490
8489
8488
8488
8487
8487
8486
8486
8486
8485
8484
8483
8482
8482
8480
8479
8478
8472
8472
8470
8470
8469
8467
8467
8466
8465
8465
8465
8464
8463
8463
8461
8460
8458
8456
8455
8455
8455
8454
8453
8453
8451
8450
8449
8448
8448
8448
8447
8445
8444
8443
8442
8439
8438
8437
8434
8433
8430
8428
8426
8425
8421
8417
8413
8411
8410
8410
8408
8408
8407
8406
8406
8406
8404
8402
8399
8398
8397
8397
8396
8395
8394
8393
8393
8392
8392
8392
8390
8389
8388
8388
8387
8385
8385
8384
8384
8384
8383
8383
8382
8379
8376
8374
8374
8373
8371
8369
8368
8367
8366
8365
8364
8363
8363
8362
8362
8360
8358
8358
8355
8355
8354
8353
8353
8351
8350
8349
8346
8345
8344
8344
8344
8341
8341
8340
8339
8337
8337
8337
8336
8335
8333
8329
8329
8327
8327
8326
8325
8323
8323
8322
8321
8321
8321
8318
8318
8316
8315
8315
8315
8314
8312
8310
8309
8309
8309
8307
8306
8306
8306
8306
8304
8302
8292
8292
8292
8291
8288
8287
8286
8285
8285
8284
8284
8284
8283
8283
8282
8282
8279
8278
8276
8274
8273
8273
8273
8273
8272
8272
8271
8269
8268
8268
8266
8264
8259
8259
8255
8253
8253
8252
8252
8249
8248
8247
8247
8246
8246
8245
8244
8242
8242
8240
8239
8238
8237
8237
8237
8235
8235
8235
8233
8225
8223
8222
8221
8221
8220
8218
8218
8217
8214
8214
8214
8213
8213
8210
8210
8209
8209
8205
8203
8202
8201
8201
8198
8197
8195
8194
8191
8190
8188
8188
8187
8186
8186
8184
8182
8178
8177
8176
8176
8175
8173
8172
8171
8171
8170
8169
8168
8167
8166
8166
8165
8164
8163
8162
8162
8158
8157
8156
8155
8154
8150
8150
8150
8149
8148
8145
8144
8141
8140
8140
8139
8139
8137
8136
8136
8134
8131
8131
8131
8129
8129
8128
8128
8127
8127
8126
8126
8125
8125
8124
8123
8122
8119
8117
8116
8115
8108
8108
8107
8107
8106
8105
8105
8100
8100
8097
8097
8093
8093
8092
8092
8086
8085
8084
8083
8083
8082
8076
8076
8073
8072
8071
8071
8067
8067
8066
8066
8066
8063
8061
8060
8060
8058
8057
8056
8056
8055
8054
8054
8053
8053
8053
8051
8050
8049
8049
8048
8047
8046
8044
8043
8043
8042
8042
8041
8036
8036
8032
8026
8025
8025
8025
8024
8022
8017
8015
8015
8014
8013
8013
8012
8011
8009
8007
8007
8005
8002
7999
7999
7998
7997
7995
7995
7995
7995
7994
7993
7991
7990
7989
7988
7988
7988
7986
7984
7983
7983
7983
7982
7982
7980
7978
7976
7975
7973
7973
7973
7969
7969
7969
7969
7969
7966
7965
7965
7965
7963
7961
7961
7958
7955
7955
7955
7952
7948
7945
7944
7942
7940
7939
7939
7937
7937
7936
7935
7935
7935
7931
7931
7929
7926
7925
7925
7922
7922
7922
7921
7921
7921
7920
7917
7917
7916
7912
7912
7911
7910
7909
7906
7904
7904
7902
7900
7899
7899
7896
7896
7896
7893
7893
7893
7890
7887
7886
7885
7884
7884
7883
7883
7881
7879
7879
7879
7878
7878
7876
7874
7874
7874
7870
7867
7861
7860
7859
7858
7857
7857
7852
7847
7847
7847
7846
7846
7846
7844
7844
7842
7841
7841
7841
7838
7837
7836
7835
7835
7835
7835
7832
7831
7831
7827
7826
7825
7825
7823
7822
7820
7819
7819
7818
7817
7816
7813
7811
7810
7806
7805
7805
7801
7800
7799
7794
7793
7791
7791
7790
7789
7788
7785
7783
7782
7780
7779
7775
7775
7769
7764
7762
7760
7758
7758
7755
7753
7750
7749
7749
7749
7748
7748
7747
7746
7745
7744
7744
7743
7742
7741
7740
7740
7739
7738
7737
7737
7736
7736
7734
7733
7732
7731
7731
7731
7729
7729
7728
7725
7724
7722
7721
7720
7720
7719
7718
7717
7717
7716
7711
7707
7704
7704
7702
7700
7699
7699
7698
7697
7697
7694
7693
7692
7692
7691
7691
7690
7686
7685
7684
7683
7682
7682
7682
7681
7680
7679
7678
7678
7677
7676
7676
7676
7675
7673
7672
7671
7667
7667
7665
7664
7661
7660
7658
7657
7657
7656
7655
7655
7654
7653
7653
7653
7653
7652
7651
7651
7651
7651
7649
7648
7647
7644
7644
7643
7641
7641
7640
7639
7638
7638
7636
7635
7635
7634
7628
7628
7628
7626
7625
7623
7622
7620
7619
7619
7617
7613
7613
7612
7612
7611
7609
7608
7607
7605
7604
7604
7604
7604
7602
7599
7599
7599
7599
7597
7597
7596
7593
7591
7589
7589
7586
7585
7583
7582
7581
7580
7579
7579
7578
7576
7576
7575
7574
7573
7573
7571
7568
7568
7567
7567
7566
7565
7564
7563
7560
7559
7558
7558
7556
7554
7553
7552
7551
7549
7548
7547
7547
7546
7546
7543
7542
7542
7540
7538
7535
7533
7530
7530
7529
7529
7529
7528
7528
7527
7527
7526
7526
7523
7522
7520
7520
7518
7517
7515
7513
7513
7513
7512
7512
7510
7509
7508
7508
7508
7506
7505
7505
7504
7503
7503
7503
7502
7502
7502
7501
7501
7501
7500
7499
7498
7497
7494
7494
7493
7493
7492
7489
7489
7489
7488
7485
7485
7485
7484
7483
7483
7483
7482
7480
7480
7479
7479
7478
7477
7476
7475
7474
7473
7472
7472
7471
7469
7469
7468
7468
7467
7466
7466
7466
7465
7464
7461
7457
7456
7454
7451
7450
7449
7449
7449
7448
7447
7445
7445
7444
7443
7443
7441
7440
7439
7439
7439
7437
7437
7432
7429
7428
7428
7428
7428
7426
7426
7425
7425
7418
7416
7415
7415
7414
7413
7410
7408
7407
7404
7404
7403
7402
7401
7399
7397
7395
7394
7394
7392
7392
7391
7391
7389
7388
7388
7387
7386
7385
7384
7382
7381
7381
7380
7380
7379
7378
7376
7374
7371
7369
7369
7369
7367
7366
7365
7364
7362
7362
7360
7359
7359
7358
7358
7356
7355
7354
7352
7352
7351
7350
7347
7345
7343
7339
7338
7338
7338
7337
7337
7337
7336
7335
7333
7333
7332
7332
7332
7331
7330
7329
7328
7323
7320
7319
7318
7315
7315
7314
7313
7311
7311
7306
7305
7305
7303
7302
7301
7299
7296
7296
7292
7290
7289
7288
7287
7285
7284
7284
7282
7281
7280
7279
7279
7278
7278
7278
7277
7275
7273
7271
7268
7268
7268
7262
7259
7255
7254
7252
7251
7251
7250
7250
7247
7247
7243
7243
7241
7239
7238
7237
7237
7234
7234
7234
7232
7230
7230
7229
7228
7228
7227
7227
7227
7226
7225
7225
7223
7221
7216
7216
7213
7212
7212
7212
7211
7206
7205
7203
7202
7201
7196
7196
7193
7189
7187
7185
7183
7183
7182
7177
7176
7176
7175
7174
7173
7173
7170
7169
7168
7167
7167
7165
7164
7163
7162
7161
7160
7157
7156
7156
7154
7154
7153
7153
7152
7151
7150
7149
7148
7147
7147
7145
7144
7144
7144
7144
7142
7139
7138
7136
7136
7134
7131
7131
7130
7128
7127
7127
7124
7122
7122
7119
7118
7118
7116
7116
7115
7114
7114
7109
7109
7109
7104
7103
7101
7101
7100
7098
7097
7095
7094
7093
7092
7090
7088
7085
7084
7082
7081
7079
7079
7077
7077
7077
7077
7075
7075
7073
7072
7071
7070
7067
7065
7064
7064
7062
7061
7060
7060
7059
7059
7058
7057
7056
7056
7055
7053
7052
7052
7051
7051
7048
7048
7045
7043
7041
7040
7039
7038
7037
7033
7033
7030
7029
7029
7023
7020
7020
7019
7019
7016
7014
7014
7013
7012
7011
7010
7009
7009
7008
7007
7007
7007
7006
7005
7005
7003
7002
7001
7000
7000
7000
6999
6999
6997
6993
6993
6992
6991
6991
6989
6986
6985
6983
6981
6980
6979
6978
6978
6975
6974
6974
6973
6973
6970
6968
6966
6966
6964
6962
6962
6962
6961
6960
6960
6950
6948
6948
6947
6945
6942
6942
6941
6940
6940
6939
6938
6936
6932
6932
6929
6927
6927
6926
6925
6925
6925
6924
6920
6920
6917
6916
6914
6913
6912
6910
6910
6909
6906
6906
6904
6903
6903
6902
6902
6902
6901
6899
6898
6897
6894
6893
6893
6892
6890
6888
6888
6885
6883
6879
6879
6874
6874
6871
6871
6868
6868
6867
6864
6862
6859
6857
6857
6857
6855
6853
6852
6851
6851
6850
6848
6848
6847
6846
6845
6844
6837
6836
6835
6834
6833
6833
6829
6828
6827
6825
6825
6825
6824
6824
6823
6822
6822
6820
6820
6818
6818
6818
6817
6815
6812
6807
6805
6805
6804
6804
6803
6801
6800
6797
6797
6796
6795
6793
6792
6791
6789
6788
6787
6787
6787
6785
6785
6783
6781
6781
6780
6780
6777
6774
6770
6769
6768
6765
6764
6763
6763
6762
6762
6762
6761
6761
6760
6759
6758
6758
6758
6757
6757
6757
6755
6754
6753
6752
6752
6751
6751
6749
6748
6747
6746
6746
6745
6744
6742
6742
6741
6741
6739
6738
6738
6737
6736
6736
6736
6735
6735
6734
6733
6733
6733
6732
6731
6730
6730
6729
6728
6725
6723
6723
6721
6720
6719
6718
6717
6717
6717
6716
6715
6715
6714
6714
6714
6713
6712
6711
6708
6708
6705
6704
6703
6701
6697
6695
6694
6691
6691
6690
6690
6689
6687
6687
6685
6682
6682
6681
6679
6678
6678
6678
6677
6676
6675
6673
6669
6668
6667
6666
6666
6666
6665
6665
6664
6662
6661
6660
6659
6655
6653
6653
6652
6652
6652
6652
6651
6650
6650
6650
6648
6647
6644
6642
6641
6639
6634
6632
6629
6626
6623
6623
6620
6619
6618
6616
6613
6612
6607
6607
6606
6604
6602
6599
6598
6598
6594
6591
6589
6588
6587
6586
6585
6584
6583
6579
6577
6575
6573
6573
6572
6569
6569
6569
6569
6569
6568
6568
6567
6567
6566
6565
6564
6564
6563
6559
6559
6557
6557
6556
6554
6552
6552
6549
6548
6548
6547
6547
6546
6545
6545
6543
6542
6538
6536
6534
6534
6532
6530
6529
6528
6527
6524
6524
6523
6522
6520
6519
6518
6517
6516
6515
6514
6513
6511
6511
6508
6506
6506
6503
6501
6499
6499
6498
6497
6496
6492
6492
6492
6490
6488
6488
6487
6487
6486
6484
6483
6483
6481
6477
6476
6475
6475
6473
6473
6471
6471
6471
6471
6464
6462
6462
6461
6457
6456
6456
6456
6453
6451
6450
6448
6447
6447
6446
6445
6445
6443
6440
6440
6440
6440
6438
6438
6436
6429
6429
6428
6427
6426
6425
6425
6424
6423
6423
6423
6422
6421
6421
6420
6419
6419
6417
6417
6416
6415
6415
6413
6412
6412
6409
6409
6408
6404
6403
6400
6398
6398
6396
6396
6394
6393
6393
6391
6390
6390
6387
6386
6384
6382
6380
6379
6377
6377
6376
6376
6375
6374
6372
6369
6369
6369
6368
6368
6367
6366
6360
6357
6355
6354
6354
6352
6348
6348
6346
6346
6346
6345
6344
6342
6342
6341
6339
6336
6336
6335
6335
6335
6334
6334
6332
6332
6331
6330
6329
6328
6327
6326
6323
6323
6321
6321
6319
6318
6315
6314
6310
6310
6310
6307
6304
6303
6303
6301
6301
6299
6296
6296
6295
6294
6293
6291
6291
6290
6290
6289
6288
6287
6283
6283
6283
6283
6281
6276
6274
6274
6273
6271
6270
6267
6267
6267
6265
6264
6262
6261
6261
6260
6260
6259
6259
6259
6258
6257
6256
6255
6253
6252
6246
6246
6246
6245
6245
6244
6243
6243
6242
6241
6237
6237
6236
6234
6227
6226
6224
6223
6222
6222
6220
6220
6220
6220
6220
6218
6217
6215
6214
6214
6214
6212
6212
6210
6205
6205
6205
6202
6201
6198
6194
6192
6191
6190
6190
6190
6188
6188
6188
6187
6186
6185
6184
6184
6182
6180
6180
6179
6178
6178
6178
6176
6176
6175
6173
6173
6173
6169
6167
6167
6166
6166
6166
6165
6164
6164
6163
6161
6160
6158
6156
6154
6154
6154
6150
6150
6150
6149
6149
6147
6147
6145
6144
6144
6143
6143
6141
6140
6132
6128
6125
6125
6125
6125
6114
6113
6113
6113
6112
6112
6111
6111
6110
6109
6108
6107
6107
6106
6106
6104
6103
6103
6102
6102
6101
6101
6101
6101
6100
6100
6098
6098
6096
6095
6094
6093
6092
6092
6091
6090
6089
6088
6086
6086
6085
6085
6085
6085
6084
6083
6082
6080
6080
6079
6078
6077
6077
6076
6075
6075
6075
6072
6070
6069
6069
6068
6068
6067
6067
6066
6064
6063
6063
6063
6062
6061
6060
6059
6059
6059
6057
6054
6050
6050
6050
6049
6049
6049
6048
6048
6047
6046
6046
6045
6043
6043
6042
6042
6042
6042
6040
6037
6036
6034
6030
6030
6029
6025
6025
6024
6023
6023
6023
6023
6021
6020
6019
6019
6018
6017
6016
6013
6011
6010
6009
6006
6006
6005
6000
5999
5998
5996
5995
5993
5992
5992
5992
5991
5990
5990
5990
5990
5988
5988
5987
5985
5984
5983
5983
5978
5977
5973
5972
5972
5971
5969
5968
5967
5966
5965
5964
5963
5963
5963
5961
5960
5960
5957
5957
5953
5951
5949
5949
5948
5947
5945
5944
5943
5943
5941
5940
5938
5938
5937
5937
5935
5932
5929
5925
5924
5924
5921
5920
5919
5916
5913
5911
5910
5907
5905
5902
5901
5900
5899
5899
5896
5895
5895
5893
5892
5890
5889
5889
5889
5887
5886
5885
5884
5880
5880
5880
5878
5878
5878
5875
5870
5865
5865
5861
5859
5859
5856
5855
5854
5851
5851
5850
5850
5849
5849
5846
5846
5846
5845
5843
5843
5839
5838
5838
5837
5837
5835
5834
5831
5828
5827
5826
5826
5823
5819
5817
5816
5814
5814
5814
5814
5814
5812
5812
5810
5807
5806
5804
5803
5799
5798
5798
5797
5797
5797
5796
5796
5796
5795
5793
5791
5788
5787
5787
5787
5786
5780
5779
5776
5775
5773
5772
5769
5766
5764
5763
5763
5760
5758
5758
5757
5757
5756
5756
5756
5754
5754
5753
5752
5751
5750
5749
5748
5748
5745
5741
5740
5738
5736
5735
5734
5730
5730
5729
5729
5729
5729
5729
5729
5728
5727
5725
5723
5721
5720
5720
5719
5719
5719
5718
5718
5716
5715
5715
5714
5713
5712
5712
5711
5710
5707
5706
5706
5704
5704
5703
5703
5701
5701
5700
5700
5699
5698
5698
5694
5692
5692
5688
5684
5683
5682
5682
5681
5680
5680
5678
5677
5675
5675
5674
5673
5673
5672
5669
5669
5669
5667
5666
5665
5663
5661
5661
5659
5654
5654
5653
5652
5651
5651
5650
5648
5648
5647
5645
5645
5644
5643
5641
5639
5634
5632
5630
5629
5627
5625
5625
5623
5620
5619
5619
5619
5618
5616
5615
5614
5613
5612
5612
5612
5611
5611
5610
5610
5609
5609
5608
5602
5599
5599
5599
5597
5597
5596
5595
5595
5591
5591
5591
5587
5586
5586
5582
5581
5580
5578
5576
5574
5573
5573
5571
5567
5566
5558
5557
5552
5551
5550
5549
5547
5546
5546
5545
5543
5542
5542
5539
5538
5537
5536
5535
5533
5532
5532
5531
5530
5526
5524
5521
5520
5520
5519
5517
5516
5515
5515
5513
5512
5511
5511
5511
5510
5510
5506
5504
5504
5502
5502
5501
5501
5495
5490
5490
5488
5488
5485
5485
5484
5483
5482
5481
5481
5480
5478
5478
5475
5473
5470
5469
5468
5468
5467
5466
5464
5460
5457
5457
5453
5452
5450
5449
5447
5444
5442
5441
5441
5440
5440
5439
5439
5439
5438
5435
5434
5433
5433
5432
5432
5431
5428
5426
5424
5423
5423
5422
5419
5418
5417
5417
5415
5415
5415
5413
5412
5411
5408
5407
5406
5405
5404
5404
5402
5401
5399
5396
5394
5391
5386
5385
5383
5383
5381
5380
5379
5378
5378
5378
5378
5377
5376
5376
5376
5373
5372
5368
5368
5367
5367
5364
5364
5364
5363
5363
5363
5358
5358
5358
5355
5354
5352
5351
5349
5348
5347
5347
5342
5340
5339
5339
5338
5336
5335
5333
5333
5332
5332
5331
5331
5330
5329
5329
5328
5328
5328
5328
5327
5327
5327
5326
5325
5325
5323
5322
5320
5319
5315
5314
5314
5313
5312
5312
5307
5307
5305
5303
5300
5300
5299
5298
5298
5297
5296
5296
5292
5292
5287
5283
5282
5279
5278
5276
5276
5275
5274
5274
5273
5271
5269
5269
5264
5264
5263
5261
5261
5260
5258
5256
5254
5254
5253
5253
5252
5251
5250
5249
5248
5245
5240
5239
5238
5238
5238
5236
5233
5232
5230
5230
5229
5228
5227
5225
5225
5221
5220
5219
5216
5215
5214
5210
5210
5209
5208
5208
5205
5205
5204
5203
5203
5199
5199
5196
5196
5192
5188
5186
5185
5185
5183
5183
5181
5181
5181
5180
5179
5179
5177
5175
5174
5172
5171
5170
5170
5170
5168
5168
5167
5166
5166
5166
5163
5159
5158
5158
5157
5154
5153
5153
5151
5150
5149
5148
5148
5147
5147
5144
5144
5144
5144
5143
5141
5141
5138
5136
5136
5132
5132
5130
5130
5126
5122
5122
5120
5116
5115
5112
5111
5110
5109
5108
5108
5106
5106
5106
5104
5103
5101
5100
5099
5098
5095
5095
5095
5092
5092
5090
5090
5089
5088
5083
5083
5080
5080
5077
5076
5075
5074
5071
5071
5070
5070
5068
5067
5065
5064
5063
5062
5061
5060
5059
5059
5058
5058
5057
5056
5056
5054
5053
5053
5052
5051
5049
5049
5046
5043
5043
5042
5040
5036
5036
5036
5035
5034
5033
5032
5032
5031
5031
5029
5029
5029
5027
5025
5024
5024
5023
5021
5020
5018
5017
5017
5017
5017
5015
5012
5012
5008
5005
5004
5004
5004
5002
4999
4998
4996
4996
4995
4994
4992
4989
4989
4988
4985
4985
4985
4982
4981
4980
4977
4974
4974
4973
4971
4971
4971
4969
4967
4964
4963
4962
4961
4961
4959
4958
4956
4950
4949
4948
4946
4946
4946
4945
4945
4943
4943
4943
4942
4939
4938
4937
4936
4936
4935
4934
4932
4932
4931
4930
4929
4928
4928
4928
4927
4926
4925
4922
4921
4921
4920
4918
4914
4914
4914
4912
4911
4910
4907
4907
4906
4905
4905
4905
4904
4903
4901
4899
4897
4896
4896
4895
4895
4894
4894
4894
4891
4891
4889
4888
4888
4887
4887
4886
4885
4884
4881
4880
4879
4876
4876
4876
4875
4874
4874
4871
4871
4870
4869
4869
4868
4868
4867
4866
4865
4864
4864
4864
4863
4863
4861
4860
4859
4859
4858
4855
4855
4853
4851
4844
4844
4841
4840
4836
4835
4835
4834
4834
4832
4828
4828
4828
4828
4827
4827
4826
4825
4824
4822
4822
4817
4816
4813
4813
4813
4811
4811
4810
4807
4806
4804
4804
4802
4801
4801
4801
4800
4799
4799
4798
4798
4797
4795
4794
4793
4791
4791
4791
4790
4788
4788
4787
4785
4783
4782
4782
4781
4781
4780
4779
4775
4774
4773
4772
4771
4771
4771
4770
4770
4770
4768
4764
4761
4761
4759
4757
4757
4753
4752
4750
4749
4749
4749
4748
4746
4746
4745
4744
4742
4742
4742
4739
4739
4736
4734
4732
4732
4731
4730
4729
4729
4726
4724
4722
4721
4721
4721
4721
4720
4719
4719
4717
4716
4715
4712
4710
4703
4703
4702
4700
4700
4699
4699
4697
4697
4696
4694
4694
4692
4691
4689
4689
4687
4687
4686
4684
4683
4682
4682
4681
4681
4678
4677
4675
4674
4673
4671
4670
4667
4665
4665
4664
4663
4659
4655
4655
4655
4653
4653
4651
4650
4650
4650
4648
4648
4647
4646
4644
4643
4643
4641
4641
4638
4637
4635
4635
4635
4632
4632
4631
4630
4626
4623
4620
4620
4620
4619
4619
4618
4618
4616
4615
4614
4614
4613
4613
4611
4610
4608
4607
4607
4604
4602
4599
4599
4597
4596
4595
4593
4593
4592
4592
4591
4590
4588
4587
4586
4586
4586
4584
4580
4579
4579
4578
4577
4577
4577
4575
4574
4573
4569
4568
4568
4567
4567
4567
4567
4566
4565
4563
4561
4558
4558
4557
4556
4555
4554
4553
4550
4547
4544
4542
4534
4534
4534
4533
4533
4531
4530
4524
4523
4522
4520
4519
4517
4516
4516
4515
4511
4509
4509
4506
4505
4504
4503
4503
4503
4500
4500
4499
4498
4494
4493
4493
4493
4493
4492
4491
4491
4491
4490
4489
4487
4484
4484
4482
4480
4478
4476
4475
4475
4474
4473
4473
4468
4465
4463
4462
4459
4458
4457
4454
4454
4454
4453
4452
4451
4450
4450
4449
4446
4444
4444
4443
4440
4437
4436
4436
4436
4436
4433
4432
4431
4429
4426
4426
4424
4423
4422
4421
4421
4421
4420
4419
4418
4418
4416
4415
4412
4409
4407
4407
4407
4406
4405
4405
4405
4405
4404
4404
4403
4403
4402
4401
4400
4400
4399
4397
4395
4395
4394
4394
4393
4392
4392
4390
4390
4389
4389
4389
4388
4385
4384
4382
4381
4380
4377
4376
4375
4374
4372
4372
4372
4372
4371
4368
4363
4361
4361
4360
4359
4358
4355
4354
4353
4353
4351
4351
4350
4348
4347
4347
4345
4345
4345
4342
4341
4338
4337
4337
4336
4334
4334
4333
4330
4328
4328
4327
4327
4327
4325
4325
4323
4323
4322
4322
4320
4320
4319
4314
4314
4312
4311
4310
4309
4307
4306
4306
4305
4302
4300
4299
4299
4298
4298
4297
4297
4297
4296
4294
4294
4289
4288
4284
4283
4282
4281
4280
4279
4276
4274
4274
4274
4273
4272
4269
4267
4267
4264
4263
4262
4261
4260
4256
4256
4255
4255
4255
4253
4252
4251
4250
4249
4249
4248
4247
4245
4243
4241
4241
4240
4239
4239
4239
4238
4238
4238
4237
4236
4232
4232
4229
4229
4228
4228
4222
4222
4221
4220
4218
4217
4215
4214
4213
4212
4212
4211
4211
4207
4205
4203
4200
4199
4197
4196
4195
4194
4193
4191
4191
4189
4189
4189
4188
4188
4188
4187
4186
4184
4183
4183
4181
4181
4180
4180
4180
4180
4179
4177
4176
4172
4167
4164
4162
4161
4159
4157
4157
4157
4155
4154
4153
4152
4150
4150
4148
4147
4146
4145
4144
4142
4142
4142
4141
4141
4139
4137
4136
4134
4134
4134
4133
4131
4129
4126
4125
4125
4124
4123
4121
4121
4121
4119
4119
4118
4118
4118
4117
4117
4113
4112
4112
4112
4112
4110
4110
4109
4109
4105
4104
4103
4102
4098
4098
4097
4097
4097
4097
4096
4095
4094
4093
4092
4089
4089
4086
4085
4085
4081
4080
4078
4077
4077
4076
4075
4074
4073
4072
4071
4070
4069
4069
4069
4068
4065
4064
4063
4061
4057
4057
4056
4056
4055
4053
4053
4053
4052
4050
4045
4044
4044
4043
4042
4041
4040
4039
4037
4037
4035
4035
4030
4029
4027
4026
4026
4025
4023
4021
4019
4019
4018
4018
4018
4016
4015
4015
4012
4011
4009
4009
4004
4004
4003
4003
4003
4002
4002
4002
4002
4000
3999
3997
3996
3995
3995
3995
3994
3994
3992
3991
3991
3989
3988
3986
3986
3986
3982
3980
3980
3979
3978
3976
3976
3974
3972
3972
3969
3969
3968
3968
3966
3966
3960
3960
3958
3958
3957
3954
3954
3952
3947
3947
3942
3941
3936
3934
3933
3932
3932
3929
3927
3927
3926
3925
3924
3923
3922
3921
3917
3915
3915
3915
3914
3913
3912
3912
3911
3911
3910
3910
3909
3907
3907
3906
3904
3902
3900
3900
3900
3893
3887
3887
3886
3885
3882
3878
3874
3872
3869
3867
3865
3865
3864
3863
3862
3861
3860
3859
3857
3856
3855
3853
3853
3852
3850
3847
3845
3842
3839
3839
3838
3838
3835
3834
3833
3832
3832
3831
3830
3828
3827
3827
3822
3821
3820
3819
3815
3813
3812
3812
3809
3808
3806
3804
3802
3800
3799
3797
3797
3796
3796
3796
3795
3795
3795
3794
3793
3793
3793
3791
3791
3788
3785
3784
3782
3781
3780
3780
3780
3775
3770
3770
3768
3764
3764
3763
3763
3763
3762
3761
3759
3758
3754
3754
3753
3753
3753
3752
3752
3751
3750
3750
3750
3748
3748
3743
3743
3743
3742
3741
3739
3738
3738
3737
3733
3732
3732
3730
3729
3729
3729
3729
3728
3726
3726
3725
3724
3717
3716
3715
3715
3715
3714
3713
3710
3708
3706
3703
3701
3700
3698
3697
3697
3697
3696
3695
3689
3688
3688
3686
3686
3684
3682
3681
3679
3678
3678
3671
3671
3670
3669
3668
3668
3668
3667
3667
3667
3665
3665
3665
3663
3661
3661
3660
3659
3659
3659
3658
3655
3655
3654
3653
3652
3651
3650
3650
3650
3647
3646
3645
3641
3639
3636
3635
3635
3634
3633
3633
3633
3631
3631
3631
3630
3628
3627
3625
3624
3619
3619
3617
3617
3616
3615
3615
3614
3614
3613
3613
3613
3612
3612
3611
3610
3609
3609
3607
3607
3607
3601
3599
3599
3599
3599
3596
3595
3594
3593
3593
3593
3592
3590
3588
3587
3586
3584
3582
3581
3581
3578
3576
3575
3573
3572
3570
3570
3569
3569
3569
3568
3566
3566
3565
3565
3563
3562
3561
3560
3558
3558
3557
3556
3553
3553
3553
3552
3550
3549
3548
3547
3546
3544
3544
3544
3544
3541
3540
3540
3539
3538
3537
3536
3535
3535
3535
3534
3533
3529
3528
3527
3526
3523
3519
3519
3519
3518
3517
3512
3510
3510
3508
3507
3505
3505
3504
3501
3500
3497
3496
3495
3495
3495
3495
3494
3494
3493
3492
3489
3489
3488
3488
3487
3484
3484
3481
3481
3481
3479
3477
3477
3477
3473
3472
3472
3470
3469
3468
3467
3463
3462
3461
3461
3460
3460
3459
3458
3458
3458
3457
3456
3454
3452
3451
3450
3450
3450
3449
3448
3446
3441
3441
3439
3438
3434
3434
3434
3431
3430
3429
3428
3427
3427
3426
3426
3424
3424
3423
3421
3419
3418
3417
3414
3412
3410
3409
3404
3403
3401
3400
3399
3398
3398
3397
3394
3394
3394
3393
3390
3390
3387
3387
3386
3385
3383
3383
3380
3379
3378
3376
3376
3375
3372
3371
3370
3369
3368
3368
3368
3367
3366
3365
3364
3364
3364
3364
3364
3361
3359
3358
3355
3354
3352
3352
3351
3350
3350
3349
3349
3344
3343
3339
3339
3337
3333
3332
3330
3330
3329
3328
3328
3326
3325
3323
3323
3318
3318
3317
3317
3316
3316
3312
3312
3310
3308
3306
3304
3303
3298
3296
3296
3295
3294
3294
3291
3291
3291
3291
3290
3289
3288
3284
3281
3281
3279
3277
3276
3274
3272
3270
3269
3269
3268
3266
3266
3264
3264
3263
3262
3260
3249
3249
3246
3245
3242
3241
3240
3240
3236
3233
3232
3232
3230
3230
3228
3226
3226
3225
3224
3224
3222
3220
3218
3216
3216
3216
3215
3212
3210
3209
3208
3207
3207
3206
3206
3205
3205
3203
3202
3199
3198
3198
3196
3196
3195
3193
3191
3189
3188
3188
3186
3185
3185
3184
3182
3174
3173
3170
3168
3167
3165
3164
3164
3163
3163
3162
3161
3160
3158
3154
3152
3152
3150
3150
3149
3147
3147
3146
3141
3138
3137
3136
3136
3135
3135
3134
3130
3129
3129
3127
3127
3126
3126
3124
3123
3123
3121
3120
3120
3119
3119
3117
3116
3115
3115
3115
3111
3110
3110
3110
3109
3108
3107
3106
3106
3103
3103
3100
3099
3098
3098
3097
3096
3095
3095
3095
3094
3093
3087
3087
3086
3083
3080
3079
3077
3077
3077
3076
3074
3074
3073
3073
3071
3067
3067
3066
3066
3065
3065
3062
3062
3061
3061
3058
3057
3057
3051
3050
3049
3048
3047
3046
3042
3041
3032
3031
3031
3031
3030
3029
3028
3028
3027
3025
3023
3022
3021
3020
3016
3016
3014
3012
3012
3012
3011
3011
3010
3010
3009
3009
3008
3006
3005
3005
3003
3000
2999
2997
2996
2996
2991
2988
2984
2983
2981
2978
2978
2976
2975
2973
2971
2971
2971
2971
2968
2968
2967
2967
2966
2966
2964
2961
2960
2960
2958
2957
2945
2944
2944
2943
2942
2942
2938
2937
2937
2935
2935
2933
2930
2927
2926
2926
2925
2921
2921
2921
2915
2914
2913
2913
2912
2912
2910
2909
2908
2908
2908
2908
2906
2906
2902
2902
2899
2899
2898
2896
2894
2894
2893
2893
2892
2889
2887
2887
2878
2875
2875
2875
2874
2874
2872
2868
2868
2867
2865
2865
2865
2865
2864
2863
2859
2858
2857
2857
2857
2853
2853
2847
2847
2847
2845
2844
2842
2840
2839
2838
2835
2832
2831
2831
2830
2829
2829
2828
2827
2826
2823
2823
2818
2818
2817
2816
2816
2816
2816
2813
2813
2811
2811
2811
2810
2809
2808
2807
2802
2802
2799
2798
2794
2794
2792
2791
2790
2788
2787
2786
2786
2786
2786
2781
2781
2780
2780
2776
2773
2773
2773
2772
2770
2770
2769
2767
2766
2766
2765
2765
2764
2764
2763
2761
2761
2761
2761
2760
2759
2754
2754
2752
2751
2750
2748
2747
2746
2746
2743
2743
2742
2740
2738
2736
2734
2729
2729
2729
2728
2727
2726
2722
2721
2721
2719
2719
2718
2717
2717
2717
2716
2715
2713
2713
2713
2710
2710
2708
2707
2707
2706
2704
2704
2703
2703
2700
2700
2699
2699
2698
2697
2697
2696
2695
2694
2692
2691
2690
2690
2688
2688
2687
2686
2686
2680
2679
2678
2678
2676
2675
2673
2673
2668
2668
2664
2661
2661
2661
2661
2661
2659
2658
2657
2656
2654
2653
2652
2647
2647
2645
2644
2642
2640
2640
2639
2639
2638
2635
2635
2633
2631
2631
2629
2628
2628
2628
2627
2627
2626
2624
2622
2621
2621
2620
2620
2620
2618
2615
2614
2614
2613
2611
2609
2608
2607
2606
2604
2602
2602
2601
2600
2598
2594
2593
2591
2590
2588
2587
2587
2587
2587
2586
2586
2585
2585
2585
2584
2583
2583
2582
2581
2580
2576
2573
2573
2572
2571
2570
2570
2570
2569
2567
2567
2564
2563
2562
2561
2561
2560
2559
2557
2556
2556
2555
2555
2553
2552
2551
2548
2546
2545
2545
2545
2545
2544
2541
2541
2540
2535
2534
2534
2532
2530
2529
2527
2527
2526
2526
2523
2520
2520
2519
2517
2512
2511
2510
2510
2509
2505
2505
2505
2503
2502
2502
2499
2499
2497
2496
2494
2491
2490
2489
2486
2484
2483
2481
2480
2476
2475
2475
2474
2474
2473
2469
2469
2465
2463
2461
2461
2461
2459
2458
2457
2457
2454
2454
2452
2451
2445
2444
2444
2442
2441
2441
2441
2440
2437
2436
2436
2433
2429
2428
2428
2427
2427
2426
2425
2425
2424
2423
2423
2422
2421
2418
2418
2418
2417
2415
2414
2414
2413
2412
2412
2412
2412
2409
2409
2409
2408
2407
2407
2406
2405
2404
2403
2402
2398
2397
2396
2396
2395
2394
2391
2391
2388
2388
2387
2386
2385
2385
2385
2382
2380
2379
2378
2376
2376
2374
2372
2370
2366
2363
2361
2358
2358
2354
2351
2350
2350
2347
2344
2344
2343
2341
2340
2339
2338
2337
2330
2329
2327
2325
2325
2323
2323
2320
2320
2317
2312
2311
2309
2308
2307
2305
2305
2304
2303
2302
2301
2301
2300
2299
2298
2298
2295
2293
2292
2291
2289
2288
2287
2287
2284
2284
2283
2282
2282
2281
2280
2279
2277
2275
2274
2273
2273
2272
2271
2271
2270
2270
2270
2270
2270
2268
2268
2264
2264
2264
2264
2263
2262
2262
2259
2254
2252
2251
2251
2250
2250
2248
2247
2245
2242
2241
2241
2240
2240
2240
2239
2238
2235
2234
2232
2231
2231
2230
2229
2229
2227
2225
2224
2224
2223
2222
2221
2221
2217
2216
2215
2215
2212
2210
2209
2208
2207
2207
2207
2206
2206
2204
2204
2203
2202
2201
2200
2200
2199
2196
2195
2194
2194
2193
2191
2191
2189
2189
2186
2183
2182
2180
2180
2180
2179
2173
2172
2172
2171
2169
2167
2167
2165
2164
2164
2161
2160
2160
2159
2158
2158
2157
2156
2153
2153
2153
2152
2152
2150
2150
2149
2147
2147
2146
2145
2144
2144
2144
2144
2143
2142
2142
2142
2141
2140
2140
2137
2137
2135
2134
2133
2133
2130
2128
2126
2126
2126
2124
2124
2122
2120
2120
2119
2118
2116
2115
2115
2115
2114
2114
2113
2110
2106
2101
2101
2099
2099
2098
2093
2092
2092
2090
2090
2088
2086
2085
2084
2079
2079
2076
2076
2074
2074
2074
2074
2072
2072
2072
2071
2071
2069
2068
2067
2067
2063
2061
2061
2058
2057
2055
2054
2051
2050
2048
2048
2048
2047
2047
2045
2042
2040
2040
2038
2037
2036
2034
2028
2024
2023
2023
2023
2022
2019
2018
2014
2011
2010
2010
2010
2006
2005
2005
2005
2004
2003
2002
2000
2000
1995
1994
1994
1991
1991
1988
1984
1984
1983
1983
1981
1981
1980
1974
1973
1973
1973
1973
1973
1973
1972
1971
1969
1969
1967
1967
1966
1965
1964
1962
1961
1961
1960
1957
1957
1953
1952
1951
1951
1950
1950
1947
1947
1945
1941
1941
1940
1939
1938
1938
1937
1936
1936
1936
1935
1934
1934
1933
1933
1931
1930
1929
1925
1924
1923
1923
1922
1921
1921
1918
1917
1917
1917
1917
1913
1912
1911
1909
1907
1905
1904
1901
1899
1899
1899
1898
1895
1891
1891
1890
1889
1886
1885
1885
1884
1882
1882
1881
1876
1875
1874
1874
1873
1872
1869
1869
1868
1868
1864
1862
1862
1861
1861
1861
1860
1859
1859
1858
1857
1857
1855
1854
1854
1854
1853
1852
1852
1850
1850
1849
1849
1847
1847
1847
1845
1845
1845
1844
1844
1844
1844
1842
1841
1839
1838
1837
1836
1836
1835
1834
1833
1830
1828
1827
1826
1825
1825
1825
1825
1822
1821
1821
1821
1817
1817
1817
1816
1816
1815
1813
1812
1811
1810
1809
1809
1809
1808
1806
1806
1803
1797
1796
1796
1796
1796
1795
1794
1793
1792
1792
1792
1790
1789
1788
1788
1787
1786
1786
1785
1785
1782
1782
1782
1780
1780
1780
1779
1777
1777
1777
1777
1776
1775
1775
1774
1774
1774
1773
1771
1770
1769
1769
1768
1768
1767
1765
1764
1763
1762
1762
1760
1760
1760
1758
1757
1757
1755
1753
1750
1749
1748
1747
1745
1744
1744
1743
1742
1739
1739
1737
1735
1733
1733
1733
1732
1732
1732
1730
1729
1727
1725
1721
1720
1720
1718
1715
1714
1714
1713
1711
1711
1711
1710
1708
1708
1705
1701
1700
1699
1697
1697
1696
1696
1696
1696
1696
1695
1695
1692
1692
1692
1692
1691
1689
1688
1688
1686
1684
1682
1680
1680
1679
1677
1676
1676
1674
1673
1671
1670
1669
1669
1667
1666
1666
1665
1664
1661
1661
1661
1661
1659
1659
1658
1655
1655
1654
1653
1647
1644
1640
1637
1634
1632
1631
1629
1628
1627
1626
1626
1626
1626
1625
1623
1621
1620
1620
1620
1619
1618
1618
1618
1617
1617
1615
1615
1614
1614
1614
1613
1609
1609
1608
1608
1604
1604
1603
1600
1595
1593
1592
1592
1592
1591
1591
1588
1588
1588
1587
1584
1582
1582
1579
1578
1578
1576
1575
1574
1574
1571
1568
1566
1566
1565
1562
1561
1561
1558
1557
1554
1553
1548
1546
1543
1543
1540
1540
1537
1537
1537
1536
1536
1534
1530
1530
1529
1527
1524
1524
1523
1520
1520
1518
1516
1515
1515
1515
1514
1514
1513
1513
1513
1511
1510
1510
1510
1506
1505
1504
1504
1501
1499
1497
1496
1495
1495
1493
1493
1491
1490
1490
1489
1489
1486
1485
1480
1479
1479
1479
1479
1477
1477
1475
1474
1473
1472
1471
1470
1469
1469
1468
1464
1463
1462
1462
1462
1457
1456
1455
1450
1449
1446
1444
1444
1439
1438
1437
1434
1433
1433
1432
1431
1430
1428
1428
1426
1426
1423
1422
1422
1421
1420
1419
1419
1418
1417
1417
1416
1415
1415
1414
1414
1412
1412
1408
1407
1404
1404
1402
1400
1400
1399
1399
1397
1393
1389
1388
1387
1385
1385
1383
1374
1373
1371
1370
1370
1369
1369
1368
1368
1368
1366
1366
1365
1364
1362
1362
1361
1360
1358
1355
1354
1353
1352
1351
1350
1349
1347
1347
1346
1346
1345
1345
1344
1343
1343
1342
1342
1337
1335
1335
1332
1332
1331
1330
1329
1329
1327
1324
1323
1322
1321
1319
1319
1318
1318
1315
1315
1313
1312
1311
1311
1309
1308
1303
1301
1300
1299
1299
1298
1298
1296
1295
1295
1294
1292
1291
1290
1284
1283
1282
1280
1278
1277
1277
1276
1276
1274
1274
1272
1271
1270
1269
1269
1268
1268
1266
1266
1264
1263
1257
1257
1255
1254
1253
1252
1252
1252
1249
1248
1245
1242
1239
1236
1233
1232
1231
1229
1224
1224
1224
1222
1222
1220
1219
1219
1218
1218
1217
1217
1217
1217
1217
1216
1216
1215
1210
1208
1208
1208
1207
1207
1206
1205
1205
1202
1200
1199
1199
1195
1194
1193
1193
1192
1192
1192
1191
1190
1189
1189
1189
1187
1183
1181
1180
1179
1178
1178
1177
1176
1176
1176
1173
1173
1172
1171
1168
1168
1168
1166
1165
1165
1164
1164
1162
1161
1157
1155
1153
1153
1153
1153
1152
1151
1150
1150
1149
1148
1147
1147
1147
1147
1147
1147
1146
1146
1142
1139
1138
1138
1138
1137
1137
1134
1132
1131
1130
1129
1129
1128
1126
1125
1125
1124
1121
1121
1119
1119
1118
1118
1117
1116
1115
1115
1114
1112
1110
1109
1107
1106
1103
1102
1100
1098
1098
1097
1096
1095
1095
1094
1093
1093
1092
1091
1090
1089
1089
1087
1087
1085
1084
1080
1076
1075
1072
1067
1066
1064
1061
1060
1059
1058
1058
1057
1053
1053
1052
1052
1051
1045
1043
1040
1040
1040
1040
1039
1038
1038
1036
1034
1033
1032
1026
1025
1022
1022
1022
1016
1014
1014
1013
1013
1012
1009
1009
1008
1005
1004
1004
1004
1003
1003
1001
1000
999
998
998
993
990
989
988
987
987
986
984
982
981
981
980
980
979
978
978
977
977
975
974
973
973
967
963
963
962
959
958
955
955
953
951
950
949
946
945
945
944
944
943
943
943
942
942
941
941
941
940
940
939
937
936
935
934
933
933
931
931
929
928
927
927
927
925
924
924
924
923
923
922
921
920
920
920
919
918
917
917
916
916
914
914
912
909
908
908
907
904
903
901
901
900
900
899
899
896
895
895
894
893
892
892
891
890
890
887
886
886
884
884
882
881
880
878
878
877
876
875
873
872
867
866
866
865
862
861
860
860
856
855
855
854
854
854
854
854
853
853
853
853
850
849
848
848
847
846
845
842
842
841
841
840
838
837
836
831
831
829
824
821
820
819
819
818
816
814
814
813
811
810
810
808
806
804
803
801
800
799
799
797
796
795
792
791
790
787
784
783
780
778
777
776
776
775
775
771
771
769
766
766
765
765
764
763
761
759
759
757
757
757
756
753
751
751
748
746
745
739
737
736
735
734
734
734
733
733
730
729
729
727
725
724
724
722
721
720
717
712
710
710
701
701
701
700
700
698
697
695
694
694
694
692
692
691
689
687
686
686
686
685
682
682
680
679
679
679
677
677
676
672
672
668
667
663
663
661
661
661
660
654
653
646
646
644
644
644
643
642
640
638
636
636
635
635
634
633
632
631
631
626
626
626
623
622
621
618
617
617
616
616
615
615
614
607
606
606
606
605
605
604
602
600
600
598
596
596
595
594
594
591
591
590
589
588
588
588
587
587
586
586
586
586
579
578
577
575
575
573
572
572
568
565
564
562
560
559
559
557
557
557
556
554
553
553
552
552
551
551
550
550
549
547
547
545
544
542
541
540
539
539
539
538
538
537
535
535
531
531
529
527
527
527
526
526
525
525
521
521
520
519
519
518
518
517
514
514
513
510
508
508
507
507
505
505
503
502
502
501
498
498
497
497
497
496
496
494
493
490
484
482
482
481
479
478
478
478
476
475
472
472
471
470
467
466
465
465
462
462
462
461
460
460
458
455
453
453
453
450
448
441
441
439
439
436
434
434
434
432
432
431
429
429
429
426
426
425
423
419
418
415
415
413
411
410
409
408
407
407
406
402
400
397
397
395
392
389
388
387
387
386
386
385
384
382
377
376
376
371
369
367
366
366
364
363
361
360
360
358
358
358
358
358
357
356
355
355
354
352
351
350
350
350
349
349
349
348
347
344
343
342
339
338
338
337
337
337
336
335
335
334
334
333
332
332
332
331
329
329
328
327
327
325
324
322
322
322
321
320
319
318
318
316
315
312
310
310
309
309
309
308
304
304
303
303
302
301
299
299
298
298
298
294
293
291
291
289
288
284
284
281
279
278
277
274
274
274
273
269
267
264
264
262
259
258
258
256
255
255
255
253
252
250
249
249
249
249
248
248
246
246
245
244
242
242
241
240
238
238
238
237
237
236
235
231
229
228
226
224
224
224
219
218
217
217
216
210
209
208
208
207
207
206
201
201
199
197
196
195
192
190
188
188
184
181
174
174
172
172
171
171
171
166
165
162
161
160
159
155
155
154
153
152
150
149
148
147
144
143
143
142
141
141
139
136
136
136
133
130
130
128
127
127
127
126
125
123
121
121
120
116
116
115
114
113
113
111
111
109
108
108
105
104
103
103
103
102
101
100
98
94
94
94
92
92
91
89
89
88
85
84
84
83
83
83
83
81
81
80
74
74
74
72
70
70
65
65
64
64
63
62
60
58
58
57
56
55
55
55
55
54
52
49
49
48
48
47
47
46
46
43
42
39
39
37
37
36
36
36
34
32
31
30
25
24
24
23
23
23
21
21
20
17
16
15
12
12
12
12
11
10
10
8
8
5
4
4
3
2
1
1
0
0
